0 0.59609375 0.2611111111111111 0.60859375 0.26805555555555555 0.61484375 0.2791666666666667 0.61953125 0.2972222222222222 0.61953125 0.31666666666666665 0.61328125 0.3416666666666667 0.60625 0.3527777777777778 0.59609375 0.3597222222222222 0.5875 0.3597222222222222 0.5765625 0.35138888888888886 0.56953125 0.3388888888888889 0.56640625 0.32222222222222224 0.56640625 0.30694444444444446 0.571875 0.28055555555555556 0.58515625 0.2638888888888889 0.5953125 0.2611111111111111
0 0.5234375 0.13333333333333333 0.5328125 0.1388888888888889 0.5421875 0.15416666666666667 0.546875 0.17083333333333334 0.54765625 0.18194444444444444 0.546875 0.19722222222222222 0.54296875 0.21388888888888888 0.534375 0.23055555555555557 0.52578125 0.2375 0.51328125 0.2375 0.4984375 0.22361111111111112 0.49375 0.2111111111111111 0.490625 0.18611111111111112 0.49453125 0.1597222222222222 0.503125 0.14305555555555555 0.51328125 0.13472222222222222 0.52265625 0.13333333333333333
0 0.59609375 0.38333333333333336 0.60546875 0.3888888888888889 0.6125 0.4 0.61640625 0.4152777777777778 0.61640625 0.43333333333333335 0.6125 0.4513888888888889 0.6078125 0.4625 0.59375 0.475 0.58203125 0.475 0.571875 0.4666666666666667 0.56640625 0.45555555555555555 0.5640625 0.43194444444444446 0.56640625 0.41388888888888886 0.57109375 0.4 0.5828125 0.3861111111111111 0.5953125 0.38333333333333336
0 0.51875 0.2625 0.5265625 0.2638888888888889 0.53359375 0.26944444444444443 0.540625 0.28055555555555556 0.54453125 0.29305555555555557 0.54609375 0.31666666666666665 0.54296875 0.3333333333333333 0.5375 0.3486111111111111 0.52734375 0.3597222222222222 0.5125 0.3625 0.5015625 0.3541666666666667 0.4921875 0.33194444444444443 0.49140625 0.30416666666666664 0.496875 0.2833333333333333 0.50390625 0.2708333333333333 0.51328125 0.2638888888888889 0.51796875 0.2638888888888889
0 0.31015625 0.7486111111111111 0.31875 0.7555555555555555 0.32421875 0.7652777777777777 0.328125 0.7791666666666667 0.32890625 0.7958333333333333 0.325 0.8125 0.32109375 0.8194444444444444 0.31484375 0.8277777777777777 0.303125 0.8333333333333334 0.29453125 0.8319444444444445 0.2859375 0.825 0.27578125 0.8055555555555556 0.27421875 0.7875 0.278125 0.7666666666666667 0.28515625 0.7555555555555555 0.296875 0.7472222222222222 0.309375 0.7486111111111111
0 0.52265625 0.7222222222222222 0.53203125 0.7291666666666666 0.53828125 0.7402777777777778 0.540625 0.7486111111111111 0.540625 0.7694444444444445 0.53828125 0.7819444444444444 0.5328125 0.7930555555555555 0.52578125 0.8013888888888889 0.51484375 0.8069444444444445 0.50625 0.8041666666666667 0.49765625 0.7958333333333333 0.49140625 0.7777777777777778 0.490625 0.7652777777777777 0.49453125 0.7458333333333333 0.50234375 0.7319444444444444 0.5125 0.7236111111111111 0.521875 0.7222222222222222
0 0.38359375 0.7402777777777778 0.396875 0.7555555555555555 0.40078125 0.7680555555555556 0.4015625 0.7875 0.39765625 0.8027777777777778 0.390625 0.8152777777777778 0.3796875 0.8236111111111111 0.36875 0.8236111111111111 0.359375 0.8166666666666667 0.34921875 0.7944444444444444 0.3484375 0.7736111111111111 0.35390625 0.7555555555555555 0.3625 0.7444444444444445 0.371875 0.7388888888888889 0.3828125 0.7402777777777778
0 0.46015625 0.6277777777777778 0.4671875 0.6375 0.47109375 0.6486111111111111 0.47109375 0.6763888888888889 0.46953125 0.6847222222222222 0.46328125 0.6972222222222222 0.44921875 0.7097222222222223 0.43984375 0.7097222222222223 0.4296875 0.7027777777777777 0.425 0.6958333333333333 0.41953125 0.6791666666666667 0.41953125 0.6583333333333333 0.42421875 0.6416666666666667 0.4375 0.625 0.453125 0.6222222222222222 0.459375 0.6277777777777778
0 0.5203125 0.3861111111111111 0.5296875 0.3902777777777778 0.5375 0.39861111111111114 0.54453125 0.41944444444444445 0.54453125 0.44027777777777777 0.540625 0.4583333333333333 0.5328125 0.4722222222222222 0.521875 0.48055555555555557 0.51171875 0.48055555555555557 0.50078125 0.4722222222222222 0.49453125 0.4597222222222222 0.490625 0.44027777777777777 0.49140625 0.425 0.49765625 0.4041666666666667 0.50859375 0.3902777777777778 0.51953125 0.3861111111111111
1 0.4546875 0.5125 0.4609375 0.5180555555555556 0.4671875 0.5291666666666667 0.47109375 0.5444444444444444 0.47109375 0.5597222222222222 0.46640625 0.5805555555555556 0.45625 0.5958333333333333 0.4484375 0.6 0.43828125 0.6 0.42734375 0.5916666666666667 0.41796875 0.5708333333333333 0.4171875 0.55 0.4203125 0.5347222222222222 0.428125 0.5194444444444445 0.43984375 0.5111111111111111 0.45390625 0.5125
1 0.59296875 0.6097222222222223 0.60234375 0.6166666666666667 0.60703125 0.625 0.61015625 0.6375 0.61015625 0.6527777777777778 0.60625 0.6708333333333333 0.59921875 0.6847222222222222 0.5921875 0.6916666666666667 0.584375 0.6944444444444444 0.57109375 0.6888888888888889 0.5640625 0.6777777777777778 0.5609375 0.6638888888888889 0.5609375 0.65 0.56484375 0.6333333333333333 0.571875 0.6194444444444445 0.58046875 0.6111111111111112 0.5921875 0.6097222222222223
1 0.51875 0.6152777777777778 0.52890625 0.6194444444444445 0.540625 0.6402777777777777 0.5421875 0.6555555555555556 0.53671875 0.6819444444444445 0.52578125 0.6972222222222222 0.51796875 0.7013888888888888 0.50546875 0.6986111111111111 0.49375 0.6833333333333333 0.490625 0.6694444444444444 0.490625 0.6569444444444444 0.49296875 0.6444444444444445 0.50390625 0.6236111111111111 0.51015625 0.6180555555555556 0.51796875 0.6166666666666667
1 0.5921875 0.7166666666666667 0.6 0.7236111111111111 0.60546875 0.7333333333333333 0.60703125 0.7597222222222222 0.6046875 0.7708333333333334 0.59765625 0.7861111111111111 0.58515625 0.7958333333333333 0.57109375 0.7930555555555555 0.56484375 0.7861111111111111 0.56015625 0.7736111111111111 0.559375 0.7541666666666667 0.5625 0.7402777777777778 0.5734375 0.7222222222222222 0.58125 0.7166666666666667 0.59140625 0.7166666666666667
1 0.66171875 0.7111111111111111 0.67109375 0.7263888888888889 0.671875 0.75 0.66796875 0.7666666666666667 0.66328125 0.7763888888888889 0.6484375 0.7875 0.63828125 0.7861111111111111 0.62890625 0.7736111111111111 0.62578125 0.7583333333333333 0.6265625 0.7430555555555556 0.63125 0.7277777777777777 0.6390625 0.7152777777777778 0.64921875 0.7083333333333334 0.6609375 0.7111111111111111
1 0.59453125 0.5 0.603125 0.5055555555555555 0.6109375 0.5194444444444445 0.6125 0.5263888888888889 0.6125 0.5486111111111112 0.609375 0.5638888888888889 0.60078125 0.5805555555555556 0.58984375 0.5875 0.58203125 0.5875 0.56953125 0.5777777777777777 0.5640625 0.5652777777777778 0.5625 0.5458333333333333 0.5640625 0.5319444444444444 0.5703125 0.5138888888888888 0.578125 0.5041666666666667 0.58515625 0.5 0.59375 0.5
1 0.3859375 0.6361111111111111 0.39609375 0.6513888888888889 0.3984375 0.6597222222222222 0.3984375 0.6847222222222222 0.3953125 0.6958333333333333 0.38984375 0.7055555555555556 0.37734375 0.7166666666666667 0.3625 0.7152777777777778 0.353125 0.7055555555555556 0.346875 0.6916666666666667 0.3453125 0.6652777777777777 0.34765625 0.6527777777777778 0.36015625 0.6347222222222222 0.36875 0.6305555555555555 0.37734375 0.6305555555555555 0.38515625 0.6361111111111111
1 0.521875 0.5041666666666667 0.5328125 0.5111111111111111 0.53828125 0.5194444444444445 0.5421875 0.5305555555555556 0.54296875 0.5527777777777778 0.53984375 0.5694444444444444 0.5328125 0.5833333333333334 0.51875 0.5944444444444444 0.50625 0.5916666666666667 0.5 0.5861111111111111 0.49453125 0.5763888888888888 0.49140625 0.5625 0.49140625 0.5444444444444444 0.49375 0.5319444444444444 0.5015625 0.5152777777777777 0.5109375 0.5069444444444444 0.52109375 0.5041666666666667
1 0.45234375 0.7319444444444444 0.4671875 0.7458333333333333 0.471875 0.7611111111111111 0.471875 0.7763888888888889 0.46953125 0.7888888888888889 0.46328125 0.8013888888888889 0.44921875 0.8138888888888889 0.43984375 0.8138888888888889 0.42578125 0.8 0.421875 0.7888888888888889 0.4203125 0.7708333333333334 0.4234375 0.7555555555555555 0.43125 0.7416666666666667 0.44140625 0.7333333333333333 0.4515625 0.7319444444444444