0 0.49296875 0.4013888888888889 0.5046875 0.40694444444444444 0.509375 0.41388888888888886 0.51328125 0.425 0.5140625 0.44583333333333336 0.51171875 0.46111111111111114 0.5078125 0.46944444444444444 0.5 0.4777777777777778 0.49140625 0.48055555555555557 0.48046875 0.4736111111111111 0.4734375 0.4625 0.4703125 0.4486111111111111 0.4703125 0.43194444444444446 0.4765625 0.4111111111111111 0.4859375 0.4027777777777778 0.4921875 0.4013888888888889
0 0.5609375 0.5986111111111111 0.57109375 0.6166666666666667 0.57265625 0.6416666666666667 0.565625 0.6625 0.5546875 0.6708333333333333 0.5421875 0.6694444444444444 0.53125 0.6555555555555556 0.528125 0.6402777777777777 0.528125 0.6222222222222222 0.53125 0.6097222222222223 0.54296875 0.5958333333333333 0.5546875 0.5944444444444444 0.56015625 0.5986111111111111
0 0.61796875 0.5013888888888889 0.62421875 0.5069444444444444 0.63046875 0.5180555555555556 0.6328125 0.5277777777777778 0.63359375 0.5458333333333333 0.63125 0.5569444444444445 0.6265625 0.5666666666666667 0.61484375 0.5777777777777777 0.6046875 0.5763888888888888 0.59453125 0.5666666666666667 0.5890625 0.55 0.58828125 0.5333333333333333 0.590625 0.5194444444444445 0.5984375 0.5055555555555555 0.6078125 0.5 0.6171875 0.5013888888888889
0 0.4984375 0.5944444444444444 0.50625 0.6013888888888889 0.5109375 0.6111111111111112 0.51328125 0.6222222222222222 0.51328125 0.6388888888888888 0.51015625 0.6541666666666667 0.5046875 0.6638888888888889 0.49609375 0.6694444444444444 0.4859375 0.6694444444444444 0.47734375 0.6625 0.47109375 0.65 0.46875 0.6263888888888889 0.4703125 0.6152777777777778 0.47890625 0.5986111111111111 0.48671875 0.5930555555555556 0.49765625 0.5944444444444444
0 0.61796875 0.6958333333333333 0.62265625 0.7 0.6296875 0.7138888888888889 0.63203125 0.7263888888888889 0.63203125 0.7402777777777778 0.6265625 0.7583333333333333 0.6203125 0.7666666666666667 0.61328125 0.7708333333333334 0.5984375 0.7666666666666667 0.59296875 0.7583333333333333 0.5875 0.7416666666666667 0.5875 0.7222222222222222 0.590625 0.7097222222222223 0.59765625 0.6986111111111111 0.60546875 0.6930555555555555 0.6171875 0.6958333333333333
0 0.49609375 0.6902777777777778 0.50859375 0.7027777777777777 0.51328125 0.7222222222222222 0.51171875 0.7444444444444445 0.509375 0.7513888888888889 0.5015625 0.7625 0.496875 0.7652777777777777 0.484375 0.7652777777777777 0.4765625 0.7583333333333333 0.471875 0.75 0.46875 0.7347222222222223 0.46953125 0.7111111111111111 0.4765625 0.6958333333333333 0.4875 0.6888888888888889 0.4953125 0.6902777777777778
1 0.5578125 0.4041666666666667 0.565625 0.4111111111111111 0.571875 0.4222222222222222 0.57421875 0.43333333333333335 0.57421875 0.44722222222222224 0.57109375 0.46111111111111114 0.5640625 0.475 0.553125 0.48194444444444445 0.54296875 0.4777777777777778 0.53203125 0.46111111111111114 0.52890625 0.43472222222222223 0.53359375 0.4166666666666667 0.540625 0.40694444444444444 0.54921875 0.4027777777777778 0.55703125 0.4041666666666667
1 0.559375 0.6944444444444444 0.56796875 0.7055555555555556 0.571875 0.7208333333333333 0.571875 0.7388888888888889 0.565625 0.7583333333333333 0.55390625 0.7680555555555556 0.540625 0.7652777777777777 0.53125 0.7513888888888889 0.528125 0.7347222222222223 0.528125 0.7180555555555556 0.53125 0.7055555555555556 0.54140625 0.6930555555555555 0.55390625 0.6916666666666667 0.55859375 0.6944444444444444
1 0.49453125 0.49722222222222223 0.50703125 0.5069444444444444 0.51171875 0.5166666666666667 0.5140625 0.5305555555555556 0.51171875 0.5569444444444445 0.5046875 0.5694444444444444 0.49765625 0.575 0.4875 0.575 0.4796875 0.5680555555555555 0.4734375 0.5569444444444445 0.46953125 0.5375 0.47109375 0.5194444444444445 0.47734375 0.5055555555555555 0.48828125 0.49722222222222223 0.49375 0.49722222222222223
1 0.56171875 0.5027777777777778 0.5703125 0.5166666666666667 0.57265625 0.5263888888888889 0.5734375 0.5444444444444444 0.571875 0.5541666666666667 0.56328125 0.5708333333333333 0.55390625 0.5777777777777777 0.5421875 0.5736111111111111 0.5328125 0.5597222222222222 0.52890625 0.5444444444444444 0.52890625 0.5263888888888889 0.53125 0.5166666666666667 0.54375 0.5 0.55390625 0.4986111111111111 0.5609375 0.5027777777777778
1 0.6203125 0.6 0.6296875 0.6152777777777778 0.63203125 0.625 0.6328125 0.6416666666666667 0.628125 0.6597222222222222 0.615625 0.6736111111111112 0.60390625 0.6722222222222223 0.5953125 0.6638888888888889 0.58828125 0.6458333333333334 0.5875 0.6263888888888889 0.59140625 0.6125 0.60078125 0.5986111111111111 0.61640625 0.5972222222222222 0.61953125 0.6