0 0.58984375 0.42777777777777776 0.59765625 0.43472222222222223 0.60546875 0.4513888888888889 0.6078125 0.475 0.60546875 0.49166666666666664 0.59921875 0.5069444444444444 0.59140625 0.5152777777777777 0.584375 0.5180555555555556 0.571875 0.5152777777777777 0.56328125 0.5055555555555555 0.55703125 0.4888888888888889 0.55625 0.4597222222222222 0.56015625 0.4444444444444444 0.5671875 0.43333333333333335 0.578125 0.4263888888888889 0.5890625 0.42777777777777776
0 0.51875 0.6527777777777778 0.5328125 0.6625 0.54140625 0.6833333333333333 0.5421875 0.7097222222222223 0.5375 0.7277777777777777 0.52890625 0.7402777777777778 0.521875 0.7444444444444445 0.51171875 0.7444444444444445 0.5015625 0.7375 0.49296875 0.7166666666666667 0.49140625 0.6916666666666667 0.49453125 0.6763888888888889 0.50390625 0.6597222222222222 0.5125 0.6541666666666667 0.51796875 0.6541666666666667
0 0.60078125 0.7666666666666667 0.6109375 0.7847222222222222 0.6125 0.7916666666666666 0.6125 0.8125 0.60703125 0.8319444444444445 0.6015625 0.8416666666666667 0.59296875 0.8486111111111111 0.58125 0.8486111111111111 0.57109375 0.8402777777777778 0.56328125 0.8236111111111111 0.56171875 0.7986111111111112 0.5671875 0.7777777777777778 0.57734375 0.7638888888888888 0.59375 0.7611111111111111 0.6 0.7666666666666667
0 0.66015625 0.8652777777777778 0.67421875 0.875 0.67890625 0.8847222222222222 0.68203125 0.9027777777777778 0.68046875 0.9222222222222223 0.6765625 0.9361111111111111 0.671875 0.9444444444444444 0.66015625 0.9541666666666667 0.653125 0.9541666666666667 0.640625 0.9444444444444444 0.63359375 0.9291666666666667 0.63125 0.9152777777777777 0.63203125 0.8986111111111111 0.63671875 0.8833333333333333 0.64609375 0.8694444444444445 0.659375 0.8652777777777778
0 0.52421875 0.7652777777777777 0.5328125 0.7708333333333334 0.540625 0.7833333333333333 0.54375 0.7958333333333333 0.54453125 0.8194444444444444 0.540625 0.8347222222222223 0.53515625 0.8444444444444444 0.52265625 0.8541666666666666 0.51171875 0.8527777777777777 0.5015625 0.8444444444444444 0.49453125 0.8277777777777777 0.49296875 0.8041666666666667 0.5015625 0.7763888888888889 0.51484375 0.7652777777777777 0.5234375 0.7652777777777777
0 0.7296875 0.8597222222222223 0.740625 0.8680555555555556 0.746875 0.8805555555555555 0.7484375 0.8875 0.7484375 0.9125 0.74296875 0.9319444444444445 0.73515625 0.9430555555555555 0.72890625 0.9472222222222222 0.71796875 0.9472222222222222 0.709375 0.9402777777777778 0.70546875 0.9347222222222222 0.69921875 0.9152777777777777 0.7 0.8944444444444445 0.7046875 0.8777777777777778 0.71328125 0.8652777777777778 0.72890625 0.8597222222222223
0 0.53359375 0.8805555555555555 0.54296875 0.8944444444444445 0.5453125 0.9027777777777778 0.54609375 0.9305555555555556 0.5421875 0.9444444444444444 0.534375 0.9583333333333334 0.52265625 0.9652777777777778 0.50859375 0.9597222222222223 0.49921875 0.9458333333333333 0.4953125 0.9263888888888889 0.49609375 0.9097222222222222 0.50078125 0.8916666666666667 0.5109375 0.8791666666666667 0.5234375 0.875 0.5328125 0.8805555555555555
1 0.66171875 0.6472222222222223 0.67421875 0.6611111111111111 0.678125 0.6791666666666667 0.678125 0.7 0.67421875 0.7166666666666667 0.66484375 0.7305555555555555 0.65859375 0.7347222222222223 0.646875 0.7347222222222223 0.63828125 0.7277777777777777 0.6296875 0.7097222222222223 0.628125 0.6861111111111111 0.6328125 0.6638888888888889 0.6390625 0.6527777777777778 0.6484375 0.6458333333333334 0.6609375 0.6472222222222223
1 0.59765625 0.6555555555555556 0.60546875 0.6652777777777777 0.609375 0.6777777777777778 0.61015625 0.7069444444444445 0.60234375 0.7291666666666666 0.58828125 0.7402777777777778 0.578125 0.7388888888888889 0.57109375 0.7333333333333333 0.5640625 0.7222222222222222 0.56015625 0.7069444444444445 0.56015625 0.6847222222222222 0.56328125 0.6708333333333333 0.57421875 0.6541666666666667 0.58203125 0.65 0.590625 0.65 0.596875 0.6555555555555556
1 0.65390625 0.5333333333333333 0.6640625 0.5388888888888889 0.6734375 0.5527777777777778 0.6765625 0.5638888888888889 0.67734375 0.5791666666666667 0.6765625 0.5916666666666667 0.671875 0.6083333333333333 0.6640625 0.6194444444444445 0.653125 0.625 0.6421875 0.6222222222222222 0.634375 0.6138888888888889 0.63046875 0.6069444444444444 0.6265625 0.5888888888888889 0.6265625 0.5708333333333333 0.63203125 0.55 0.63984375 0.5388888888888889 0.653125 0.5333333333333333
1 0.59296875 0.8708333333333333 0.6046875 0.8791666666666667 0.61015625 0.8888888888888888 0.6140625 0.9041666666666667 0.6140625 0.9236111111111112 0.609375 0.9416666666666667 0.60390625 0.9513888888888888 0.5921875 0.9597222222222223 0.58125 0.9583333333333334 0.5734375 0.9513888888888888 0.56640625 0.9388888888888889 0.56328125 0.9222222222222223 0.5640625 0.9041666666666667 0.56953125 0.8861111111111111 0.5796875 0.8736111111111111 0.5921875 0.8708333333333333
1 0.5921875 0.5402777777777777 0.60234375 0.5513888888888889 0.60703125 0.5625 0.609375 0.575 0.609375 0.5930555555555556 0.60625 0.6069444444444444 0.59921875 0.6208333333333333 0.5859375 0.6305555555555555 0.5734375 0.6263888888888889 0.5625 0.6111111111111112 0.55859375 0.5958333333333333 0.5578125 0.5777777777777777 0.56015625 0.5638888888888889 0.5703125 0.5444444444444444 0.57890625 0.5388888888888889 0.59140625 0.5402777777777777
1 0.6625 0.7569444444444444 0.671875 0.7652777777777777 0.6765625 0.775 0.6796875 0.7888888888888889 0.6796875 0.8069444444444445 0.6765625 0.8222222222222222 0.66953125 0.8361111111111111 0.65703125 0.8458333333333333 0.64609375 0.8430555555555556 0.63359375 0.8263888888888888 0.6296875 0.8111111111111111 0.6296875 0.7930555555555555 0.63359375 0.7763888888888889 0.64296875 0.7611111111111111 0.65234375 0.7555555555555555 0.66171875 0.7569444444444444
1 0.5203125 0.5430555555555555 0.528125 0.5486111111111112 0.5359375 0.5611111111111111 0.540625 0.5819444444444445 0.540625 0.5972222222222222 0.53671875 0.6152777777777778 0.53046875 0.6263888888888889 0.5203125 0.6347222222222222 0.5078125 0.6333333333333333 0.49765625 0.6236111111111111 0.490625 0.6055555555555555 0.4890625 0.5875 0.490625 0.5708333333333333 0.49921875 0.5513888888888889 0.5109375 0.5430555555555555 0.51953125 0.5430555555555555