0 0.46171875 0.7347222222222223 0.46953125 0.7416666666666667 0.47421875 0.7513888888888889 0.478125 0.7680555555555556 0.478125 0.7833333333333333 0.471875 0.8055555555555556 0.4671875 0.8138888888888889 0.45703125 0.8208333333333333 0.4453125 0.8180555555555555 0.434375 0.8027777777777778 0.43046875 0.7916666666666666 0.4296875 0.7694444444444445 0.43515625 0.7472222222222222 0.4421875 0.7375 0.4484375 0.7333333333333333 0.4609375 0.7347222222222223
0 0.45703125 0.5222222222222223 0.46796875 0.5291666666666667 0.4734375 0.5388888888888889 0.478125 0.5597222222222222 0.47734375 0.5763888888888888 0.4734375 0.5902777777777778 0.46640625 0.6027777777777777 0.459375 0.6083333333333333 0.446875 0.6083333333333333 0.4421875 0.6041666666666666 0.43515625 0.5944444444444444 0.43046875 0.5763888888888888 0.43046875 0.5527777777777778 0.43359375 0.5416666666666666 0.44453125 0.525 0.45625 0.5222222222222223
0 0.52421875 0.41805555555555557 0.5328125 0.4236111111111111 0.5390625 0.43472222222222223 0.5421875 0.44583333333333336 0.54296875 0.4625 0.53984375 0.48194444444444445 0.5328125 0.49583333333333335 0.52734375 0.5013888888888889 0.51875 0.5041666666666667 0.50859375 0.5 0.4984375 0.4861111111111111 0.49453125 0.4708333333333333 0.49453125 0.45 0.49765625 0.43472222222222223 0.50390625 0.4236111111111111 0.515625 0.4166666666666667 0.5234375 0.41805555555555557
0 0.5921875 0.7347222222222223 0.60078125 0.7430555555555556 0.60546875 0.7527777777777778 0.6078125 0.7625 0.6078125 0.7805555555555556 0.60625 0.7930555555555555 0.6015625 0.8041666666666667 0.5921875 0.8152777777777778 0.584375 0.8180555555555555 0.575 0.8152777777777778 0.565625 0.8041666666666667 0.5609375 0.7916666666666666 0.559375 0.7708333333333334 0.56328125 0.7513888888888889 0.57109375 0.7375 0.57734375 0.7333333333333333 0.59140625 0.7347222222222223
0 0.52265625 0.6277777777777778 0.534375 0.6361111111111111 0.54296875 0.6583333333333333 0.54296875 0.6736111111111112 0.5390625 0.6944444444444444 0.53359375 0.7055555555555556 0.52265625 0.7138888888888889 0.5140625 0.7138888888888889 0.50390625 0.7055555555555556 0.49765625 0.6958333333333333 0.49453125 0.6805555555555556 0.49453125 0.6638888888888889 0.5 0.6416666666666667 0.51015625 0.6291666666666667 0.521875 0.6277777777777778
0 0.71640625 0.7319444444444444 0.728125 0.7388888888888889 0.7359375 0.7555555555555555 0.73828125 0.7722222222222223 0.734375 0.7986111111111112 0.72890625 0.8083333333333333 0.7203125 0.8166666666666667 0.709375 0.8194444444444444 0.696875 0.8069444444444445 0.69140625 0.7944444444444444 0.68984375 0.7875 0.68984375 0.7666666666666667 0.6921875 0.7527777777777778 0.70234375 0.7361111111111112 0.715625 0.7333333333333333
1 0.5234375 0.3138888888888889 0.53515625 0.3236111111111111 0.53984375 0.3333333333333333 0.5421875 0.3458333333333333 0.53984375 0.375 0.53203125 0.3902777777777778 0.5234375 0.3972222222222222 0.5140625 0.3972222222222222 0.503125 0.3875 0.4984375 0.37916666666666665 0.49453125 0.35833333333333334 0.496875 0.33611111111111114 0.50234375 0.3236111111111111 0.5140625 0.3138888888888889 0.52265625 0.3138888888888889
1 0.51953125 0.5222222222222223 0.534375 0.5319444444444444 0.53984375 0.5430555555555555 0.5421875 0.5555555555555556 0.5421875 0.575 0.5375 0.5916666666666667 0.53046875 0.6027777777777777 0.5203125 0.6083333333333333 0.51171875 0.6069444444444444 0.5015625 0.5972222222222222 0.49765625 0.5888888888888889 0.49453125 0.5736111111111111 0.4953125 0.5555555555555556 0.49921875 0.5388888888888889 0.50625 0.5277777777777778 0.51875 0.5222222222222223
1 0.46015625 0.6291666666666667 0.4671875 0.6347222222222222 0.47421875 0.6472222222222223 0.47734375 0.6583333333333333 0.47734375 0.6805555555555556 0.46953125 0.7027777777777777 0.4640625 0.7097222222222223 0.45625 0.7138888888888889 0.446875 0.7125 0.4390625 0.7055555555555556 0.43125 0.6875 0.4296875 0.6680555555555555 0.43203125 0.6513888888888889 0.440625 0.6347222222222222 0.44765625 0.6291666666666667 0.459375 0.6291666666666667
1 0.52734375 0.7361111111111112 0.5328125 0.7402777777777778 0.53984375 0.7527777777777778 0.5421875 0.7652777777777777 0.5421875 0.7833333333333333 0.5359375 0.8069444444444445 0.5296875 0.8152777777777778 0.52265625 0.8194444444444444 0.5109375 0.8180555555555555 0.5015625 0.8083333333333333 0.4953125 0.7902777777777777 0.49453125 0.7722222222222223 0.49765625 0.7541666666666667 0.5078125 0.7375 0.51484375 0.7333333333333333 0.5265625 0.7361111111111112
1 0.45703125 0.41805555555555557 0.4640625 0.42083333333333334 0.46953125 0.42777777777777776 0.475 0.4388888888888889 0.47734375 0.45 0.47734375 0.46805555555555556 0.47421875 0.48194444444444445 0.4671875 0.49583333333333335 0.45703125 0.5027777777777778 0.4421875 0.4986111111111111 0.434375 0.4861111111111111 0.43046875 0.4708333333333333 0.43046875 0.45 0.434375 0.43472222222222223 0.44453125 0.42083333333333334 0.45625 0.41805555555555557