0 0.62265625 0.7194444444444444 0.6296875 0.7375 0.6296875 0.7569444444444444 0.62265625 0.7777777777777778 0.61171875 0.7875 0.6046875 0.7875 0.59765625 0.7833333333333333 0.5875 0.7680555555555556 0.584375 0.7527777777777778 0.58515625 0.7375 0.59375 0.7180555555555556 0.60234375 0.7111111111111111 0.61640625 0.7125 0.621875 0.7194444444444444
0 0.671875 0.2152777777777778 0.68203125 0.23055555555555557 0.68515625 0.24027777777777778 0.68515625 0.2638888888888889 0.6828125 0.27361111111111114 0.6765625 0.2861111111111111 0.6640625 0.29583333333333334 0.65 0.2916666666666667 0.64375 0.28194444444444444 0.6390625 0.26666666666666666 0.63828125 0.24722222222222223 0.6421875 0.22916666666666666 0.65 0.21666666666666667 0.66015625 0.2111111111111111 0.67109375 0.2152777777777778
0 0.55234375 0.4263888888888889 0.5640625 0.44583333333333336 0.565625 0.4583333333333333 0.56484375 0.47638888888888886 0.56171875 0.4875 0.55625 0.49722222222222223 0.55 0.5041666666666667 0.54296875 0.5069444444444444 0.53046875 0.5013888888888889 0.52109375 0.4875 0.51796875 0.4736111111111111 0.51875 0.44583333333333336 0.525 0.43194444444444446 0.53203125 0.425 0.54296875 0.4222222222222222 0.5515625 0.4263888888888889
0 0.603125 0.2152777777777778 0.61015625 0.21944444444444444 0.61953125 0.23472222222222222 0.62265625 0.24722222222222223 0.62265625 0.2708333333333333 0.615625 0.2902777777777778 0.60703125 0.3 0.60078125 0.30277777777777776 0.59140625 0.3 0.57890625 0.2833333333333333 0.575 0.25555555555555554 0.578125 0.2375 0.584375 0.225 0.59140625 0.21805555555555556 0.60234375 0.2152777777777778
0 0.4828125 0.3277777777777778 0.49453125 0.3375 0.4984375 0.3458333333333333 0.5015625 0.3611111111111111 0.5015625 0.3736111111111111 0.4984375 0.39166666666666666 0.490625 0.40555555555555556 0.48359375 0.4111111111111111 0.47265625 0.4111111111111111 0.465625 0.40555555555555556 0.45859375 0.39444444444444443 0.4546875 0.3763888888888889 0.45546875 0.3527777777777778 0.45859375 0.34444444444444444 0.46875 0.33055555555555555 0.48203125 0.3277777777777778
0 0.43515625 0.5347222222222222 0.4390625 0.5388888888888889 0.44453125 0.5527777777777778 0.44609375 0.5597222222222222 0.44609375 0.5805555555555556 0.44296875 0.5930555555555556 0.4375 0.6027777777777777 0.42890625 0.6097222222222223 0.4171875 0.6083333333333333 0.40390625 0.5916666666666667 0.40078125 0.5763888888888888 0.40078125 0.5583333333333333 0.40390625 0.5444444444444444 0.41328125 0.5319444444444444 0.428125 0.5291666666666667 0.434375 0.5347222222222222
0 0.54609375 0.3236111111111111 0.553125 0.33055555555555555 0.56015625 0.34444444444444444 0.56328125 0.35694444444444445 0.56328125 0.37222222222222223 0.55859375 0.3902777777777778 0.55234375 0.4013888888888889 0.54375 0.40694444444444444 0.53203125 0.40555555555555556 0.521875 0.39444444444444443 0.51640625 0.3763888888888889 0.515625 0.3541666666666667 0.51875 0.3416666666666667 0.525 0.33055555555555555 0.5375 0.32222222222222224 0.5453125 0.3236111111111111
0 0.6109375 0.6138888888888889 0.6234375 0.6263888888888889 0.628125 0.6430555555555556 0.628125 0.6569444444444444 0.6234375 0.6805555555555556 0.6171875 0.6902777777777778 0.61015625 0.6944444444444444 0.60390625 0.6944444444444444 0.59453125 0.6888888888888889 0.58515625 0.6736111111111112 0.5828125 0.6625 0.5828125 0.6458333333333334 0.58671875 0.6291666666666667 0.59921875 0.6152777777777778 0.61015625 0.6138888888888889
0 0.5515625 0.7138888888888889 0.56015625 0.7194444444444444 0.565625 0.7277777777777777 0.5703125 0.75 0.565625 0.7763888888888889 0.553125 0.7902777777777777 0.54296875 0.7902777777777777 0.5359375 0.7847222222222222 0.528125 0.7722222222222223 0.525 0.7569444444444444 0.52578125 0.7388888888888889 0.5328125 0.7222222222222222 0.54140625 0.7152777777777778 0.55078125 0.7138888888888889
0 0.49609375 0.7194444444444444 0.50234375 0.725 0.50859375 0.7375 0.5109375 0.7472222222222222 0.5109375 0.7625 0.50625 0.7791666666666667 0.49453125 0.7930555555555555 0.48359375 0.7930555555555555 0.47734375 0.7888888888888889 0.4703125 0.7791666666666667 0.465625 0.7625 0.465625 0.7486111111111111 0.46953125 0.7319444444444444 0.4765625 0.7208333333333333 0.48671875 0.7166666666666667 0.4953125 0.7194444444444444
0 0.4234375 0.3333333333333333 0.43203125 0.3416666666666667 0.43828125 0.3541666666666667 0.440625 0.36666666666666664 0.440625 0.3861111111111111 0.4375 0.39861111111111114 0.43203125 0.4083333333333333 0.42109375 0.4166666666666667 0.4078125 0.4125 0.40078125 0.4041666666666667 0.3953125 0.3888888888888889 0.39375 0.3736111111111111 0.396875 0.35138888888888886 0.40390625 0.3388888888888889 0.4109375 0.3333333333333333 0.42265625 0.3333333333333333
0 0.546875 0.5208333333333334 0.56015625 0.5319444444444444 0.5671875 0.5527777777777778 0.5671875 0.5694444444444444 0.56484375 0.5819444444444445 0.55703125 0.5958333333333333 0.54921875 0.6027777777777777 0.5390625 0.6027777777777777 0.5296875 0.5958333333333333 0.525 0.5888888888888889 0.5203125 0.5652777777777778 0.52109375 0.5472222222222223 0.5265625 0.5319444444444444 0.5359375 0.5222222222222223 0.54609375 0.5208333333333334
0 0.4875 0.6208333333333333 0.4921875 0.6222222222222222 0.5015625 0.6319444444444444 0.50859375 0.6513888888888889 0.50859375 0.6722222222222223 0.50546875 0.6847222222222222 0.4984375 0.6958333333333333 0.4890625 0.7013888888888888 0.48359375 0.7013888888888888 0.4734375 0.6944444444444444 0.4671875 0.6847222222222222 0.4625 0.6666666666666666 0.4625 0.6527777777777778 0.46640625 0.6375 0.478125 0.6222222222222222 0.48671875 0.6208333333333333
0 0.66953125 0.5138888888888888 0.678125 0.5194444444444445 0.68515625 0.5319444444444444 0.68828125 0.5444444444444444 0.68828125 0.5569444444444445 0.68515625 0.5722222222222222 0.67890625 0.5861111111111111 0.665625 0.5944444444444444 0.6578125 0.5930555555555556 0.65078125 0.5861111111111111 0.64453125 0.5736111111111111 0.64140625 0.5527777777777778 0.64296875 0.5388888888888889 0.64921875 0.5236111111111111 0.65703125 0.5152777777777777 0.66875 0.5138888888888888
0 0.66484375 0.3138888888888889 0.678125 0.3236111111111111 0.68359375 0.3347222222222222 0.68671875 0.3486111111111111 0.68671875 0.3597222222222222 0.6828125 0.3763888888888889 0.67578125 0.3902777777777778 0.66640625 0.3972222222222222 0.65703125 0.3972222222222222 0.65078125 0.39305555555555555 0.64296875 0.38055555555555554 0.63984375 0.36944444444444446 0.63984375 0.34444444444444444 0.64296875 0.33194444444444443 0.646875 0.3236111111111111 0.6546875 0.31527777777777777 0.6640625 0.3138888888888889