0 0.37109375 0.5555555555555556 0.3765625 0.5611111111111111 0.38359375 0.575 0.38515625 0.6 0.38359375 0.6083333333333333 0.378125 0.6194444444444445 0.36796875 0.6277777777777778 0.35625 0.6263888888888889 0.34453125 0.6125 0.34140625 0.6 0.34140625 0.5861111111111111 0.3453125 0.5680555555555555 0.35078125 0.5597222222222222 0.359375 0.5541666666666667 0.3703125 0.5555555555555556
0 0.37421875 0.37083333333333335 0.378125 0.3763888888888889 0.38359375 0.39305555555555555 0.38359375 0.41805555555555557 0.37265625 0.4388888888888889 0.3640625 0.44305555555555554 0.3546875 0.44027777777777777 0.3453125 0.4305555555555556 0.33984375 0.4125 0.33984375 0.39305555555555555 0.34453125 0.37777777777777777 0.35234375 0.3680555555555556 0.365625 0.36527777777777776 0.3734375 0.37083333333333335
0 0.4828125 0.5541666666666667 0.4921875 0.5611111111111111 0.49765625 0.5708333333333333 0.5 0.5805555555555556 0.5 0.5986111111111111 0.49765625 0.6111111111111112 0.49140625 0.6236111111111111 0.4828125 0.6291666666666667 0.46953125 0.6263888888888889 0.46171875 0.6152777777777778 0.45703125 0.5986111111111111 0.4578125 0.5805555555555556 0.4625 0.5652777777777778 0.4734375 0.5541666666666667 0.48203125 0.5541666666666667
0 0.3625 0.17083333333333334 0.37578125 0.18055555555555555 0.3828125 0.20277777777777778 0.3828125 0.22083333333333333 0.3796875 0.23333333333333334 0.3734375 0.24444444444444444 0.3640625 0.2513888888888889 0.35546875 0.25 0.3484375 0.24444444444444444 0.3421875 0.23333333333333334 0.33828125 0.22083333333333333 0.33828125 0.1986111111111111 0.34375 0.18194444444444444 0.35078125 0.1736111111111111 0.36171875 0.17083333333333334
0 0.37421875 0.4652777777777778 0.38046875 0.475 0.38359375 0.4861111111111111 0.384375 0.5097222222222222 0.378125 0.5263888888888889 0.36640625 0.5361111111111111 0.36015625 0.5361111111111111 0.3484375 0.5263888888888889 0.34140625 0.5083333333333333 0.340625 0.49027777777777776 0.34375 0.47638888888888886 0.35390625 0.4625 0.365625 0.4597222222222222 0.3734375 0.4652777777777778
0 0.484375 0.07361111111111111 0.49140625 0.07916666666666666 0.4984375 0.09166666666666666 0.5015625 0.10694444444444444 0.5015625 0.11944444444444445 0.49765625 0.1388888888888889 0.49296875 0.14722222222222223 0.48359375 0.15416666666666667 0.475 0.15416666666666667 0.4671875 0.14722222222222223 0.46015625 0.13472222222222222 0.45703125 0.11805555555555555 0.459375 0.09305555555555556 0.46640625 0.07916666666666666 0.47578125 0.07222222222222222 0.48359375 0.07361111111111111
0 0.484375 0.17222222222222222 0.49453125 0.18194444444444444 0.50078125 0.2 0.50078125 0.22083333333333333 0.49765625 0.2361111111111111 0.490625 0.24722222222222223 0.484375 0.2513888888888889 0.46953125 0.24861111111111112 0.46015625 0.23333333333333334 0.45703125 0.21944444444444444 0.45703125 0.20416666666666666 0.46015625 0.18888888888888888 0.47109375 0.1736111111111111 0.47734375 0.17083333333333334 0.48359375 0.17222222222222222
1 0.48046875 0.26944444444444443 0.49140625 0.2763888888888889 0.49921875 0.29305555555555557 0.50078125 0.3111111111111111 0.49609375 0.3347222222222222 0.4875 0.3458333333333333 0.4734375 0.3472222222222222 0.4640625 0.3375 0.459375 0.3263888888888889 0.4578125 0.2986111111111111 0.46015625 0.2875 0.46953125 0.27361111111111114 0.4796875 0.2708333333333333
1 0.53984375 0.5541666666666667 0.55 0.5625 0.55703125 0.5805555555555556 0.55703125 0.6 0.5546875 0.6125 0.54921875 0.6222222222222222 0.54140625 0.6291666666666667 0.53203125 0.6291666666666667 0.52421875 0.6236111111111111 0.51796875 0.6111111111111112 0.51484375 0.5972222222222222 0.51484375 0.5833333333333334 0.51796875 0.5708333333333333 0.52890625 0.5555555555555556 0.5390625 0.5541666666666667
1 0.36640625 0.26944444444444443 0.37265625 0.27361111111111114 0.38046875 0.28888888888888886 0.3828125 0.3 0.3828125 0.3194444444444444 0.375 0.3388888888888889 0.36328125 0.3472222222222222 0.353125 0.34444444444444444 0.34453125 0.3333333333333333 0.33984375 0.31666666666666665 0.33984375 0.2972222222222222 0.3421875 0.2861111111111111 0.3484375 0.275 0.35703125 0.26944444444444443 0.365625 0.26944444444444443
1 0.48203125 0.46111111111111114 0.490625 0.4666666666666667 0.496875 0.4777777777777778 0.5 0.4930555555555556 0.5 0.5069444444444444 0.49765625 0.5194444444444445 0.4921875 0.5291666666666667 0.48359375 0.5361111111111111 0.46953125 0.5333333333333333 0.46328125 0.525 0.4578125 0.5055555555555555 0.4578125 0.4888888888888889 0.46015625 0.4777777777777778 0.471875 0.4625 0.48125 0.46111111111111114
1 0.48359375 0.36666666666666664 0.48984375 0.37083333333333335 0.49765625 0.38472222222222224 0.5 0.3958333333333333 0.5 0.41388888888888886 0.49453125 0.43194444444444446 0.48203125 0.44305555555555554 0.471875 0.44166666666666665 0.46171875 0.42777777777777776 0.4578125 0.4125 0.4578125 0.39444444444444443 0.46015625 0.38333333333333336 0.46640625 0.37222222222222223 0.47421875 0.36666666666666664 0.4828125 0.36666666666666664
1 0.42734375 0.5555555555555556 0.4328125 0.5597222222222222 0.44140625 0.5777777777777777 0.4421875 0.6013888888888889 0.4359375 0.6194444444444445 0.4265625 0.6277777777777778 0.415625 0.6277777777777778 0.41015625 0.6236111111111111 0.40390625 0.6138888888888889 0.4 0.5972222222222222 0.4015625 0.5763888888888888 0.40625 0.5638888888888889 0.41875 0.5541666666666667 0.4265625 0.5555555555555556