0 0.46328125 0.6583333333333333 0.471875 0.6666666666666666 0.4796875 0.6833333333333333 0.48125 0.6902777777777778 0.48125 0.7152777777777778 0.4734375 0.7361111111111112 0.46171875 0.7472222222222222 0.44921875 0.7472222222222222 0.43828125 0.7361111111111112 0.43125 0.7194444444444444 0.43046875 0.6916666666666667 0.43359375 0.6791666666666667 0.4421875 0.6638888888888889 0.4515625 0.6569444444444444 0.4625 0.6583333333333333
0 0.59296875 0.4263888888888889 0.6015625 0.43194444444444446 0.609375 0.4444444444444444 0.6125 0.45416666666666666 0.61328125 0.4791666666666667 0.61015625 0.49583333333333335 0.603125 0.5097222222222222 0.5890625 0.5180555555555556 0.58046875 0.5152777777777777 0.57265625 0.5083333333333333 0.5671875 0.4986111111111111 0.56328125 0.48333333333333334 0.56328125 0.4597222222222222 0.56640625 0.44722222222222224 0.57421875 0.43333333333333335 0.58359375 0.4263888888888889 0.5921875 0.4263888888888889
0 0.534375 0.7638888888888888 0.54296875 0.7722222222222223 0.55 0.7875 0.5515625 0.8166666666666667 0.55 0.8263888888888888 0.54296875 0.8416666666666667 0.5296875 0.8513888888888889 0.51640625 0.8486111111111111 0.509375 0.8416666666666667 0.50078125 0.8208333333333333 0.5 0.8027777777777778 0.503125 0.7861111111111111 0.5140625 0.7680555555555556 0.52265625 0.7625 0.53359375 0.7638888888888888
0 0.5328125 0.8722222222222222 0.54296875 0.8791666666666667 0.55 0.8902777777777777 0.553125 0.9013888888888889 0.55390625 0.9208333333333333 0.5515625 0.9361111111111111 0.54765625 0.9458333333333333 0.540625 0.9555555555555556 0.53203125 0.9611111111111111 0.52109375 0.9597222222222223 0.51171875 0.9513888888888888 0.5046875 0.9361111111111111 0.50234375 0.9194444444444444 0.503125 0.9027777777777778 0.51171875 0.8833333333333333 0.51875 0.875 0.53203125 0.8722222222222222
0 0.6 0.8666666666666667 0.609375 0.8722222222222222 0.6171875 0.8847222222222222 0.62109375 0.9055555555555556 0.6203125 0.9208333333333333 0.615625 0.9375 0.60703125 0.95 0.5984375 0.9555555555555556 0.584375 0.9513888888888888 0.5734375 0.9347222222222222 0.5703125 0.9222222222222223 0.5703125 0.9027777777777778 0.5734375 0.8875 0.58046875 0.875 0.5890625 0.8680555555555556 0.59921875 0.8666666666666667
0 0.6671875 0.8611111111111112 0.675 0.8652777777777778 0.6828125 0.8777777777777778 0.6875 0.9041666666666667 0.6859375 0.9166666666666666 0.68125 0.9305555555555556 0.67421875 0.9416666666666667 0.66640625 0.9472222222222222 0.6546875 0.9472222222222222 0.6484375 0.9416666666666667 0.640625 0.9277777777777778 0.6375 0.9111111111111111 0.63984375 0.8847222222222222 0.64609375 0.8708333333333333 0.6546875 0.8625 0.66640625 0.8611111111111112
0 0.60234375 0.65 0.61328125 0.6666666666666666 0.6171875 0.6833333333333333 0.6171875 0.6972222222222222 0.6125 0.7180555555555556 0.603125 0.7333333333333333 0.5953125 0.7375 0.58125 0.7347222222222223 0.5703125 0.7180555555555556 0.5671875 0.7055555555555556 0.5671875 0.6805555555555556 0.57109375 0.6666666666666666 0.58125 0.6513888888888889 0.58828125 0.6472222222222223 0.6015625 0.65
0 0.6609375 0.5319444444444444 0.6734375 0.5416666666666666 0.678125 0.55 0.68203125 0.5638888888888889 0.68203125 0.5805555555555556 0.678125 0.6 0.67109375 0.6138888888888889 0.66171875 0.6222222222222222 0.653125 0.6222222222222222 0.64140625 0.6125 0.6359375 0.6027777777777777 0.63203125 0.5833333333333334 0.6328125 0.5652777777777778 0.6390625 0.5458333333333333 0.64921875 0.5347222222222222 0.66015625 0.5319444444444444
0 0.39375 0.7736111111111111 0.40390625 0.7805555555555556 0.41171875 0.7930555555555555 0.41484375 0.8069444444444445 0.41484375 0.8319444444444445 0.4125 0.8402777777777778 0.40390625 0.8555555555555555 0.39296875 0.8625 0.38515625 0.8625 0.37265625 0.8527777777777777 0.36640625 0.8402777777777778 0.36328125 0.8236111111111111 0.36484375 0.8013888888888889 0.3734375 0.7833333333333333 0.38125 0.775 0.39296875 0.7736111111111111
0 0.3953125 0.8833333333333333 0.4046875 0.8888888888888888 0.41328125 0.9013888888888889 0.4171875 0.9166666666666666 0.4171875 0.9361111111111111 0.41484375 0.9486111111111111 0.4078125 0.9625 0.4 0.9708333333333333 0.3921875 0.9736111111111111 0.38359375 0.9708333333333333 0.37265625 0.9597222222222223 0.365625 0.9375 0.365625 0.9194444444444444 0.36875 0.9069444444444444 0.3765625 0.8916666666666667 0.38515625 0.8847222222222222 0.39453125 0.8833333333333333
0 0.73671875 0.7486111111111111 0.74765625 0.7625 0.75078125 0.7763888888888889 0.75078125 0.7958333333333333 0.74765625 0.8125 0.740625 0.825 0.73046875 0.8333333333333334 0.72109375 0.8333333333333334 0.7109375 0.825 0.7046875 0.8125 0.70234375 0.7861111111111111 0.70625 0.7680555555555556 0.71328125 0.7541666666666667 0.72578125 0.7458333333333333 0.7359375 0.7486111111111111
1 0.46875 0.8805555555555555 0.48125 0.8958333333333334 0.48515625 0.9111111111111111 0.48515625 0.9319444444444445 0.48125 0.9486111111111111 0.47578125 0.9583333333333334 0.4609375 0.9680555555555556 0.45234375 0.9652777777777778 0.4421875 0.9555555555555556 0.4359375 0.9388888888888889 0.434375 0.9208333333333333 0.43828125 0.8986111111111111 0.4453125 0.8861111111111111 0.459375 0.8777777777777778 0.46796875 0.8805555555555555
1 0.4625 0.5486111111111112 0.475 0.5652777777777778 0.4796875 0.5861111111111111 0.4796875 0.6 0.4765625 0.6138888888888889 0.4703125 0.6277777777777778 0.4578125 0.6375 0.4453125 0.6347222222222222 0.4328125 0.6194444444444445 0.428125 0.6013888888888889 0.428125 0.5805555555555556 0.43203125 0.5652777777777778 0.43828125 0.5541666666666667 0.44765625 0.5472222222222223 0.46171875 0.5486111111111112
1 0.6609375 0.7513888888888889 0.67578125 0.7597222222222222 0.684375 0.7805555555555556 0.68515625 0.8013888888888889 0.68359375 0.8125 0.67734375 0.8277777777777777 0.67109375 0.8361111111111111 0.6578125 0.8416666666666667 0.64375 0.8305555555555556 0.63671875 0.8125 0.6359375 0.7902777777777777 0.63984375 0.7722222222222223 0.64921875 0.7569444444444444 0.66015625 0.7527777777777778
1 0.6046875 0.7611111111111111 0.61640625 0.7805555555555556 0.61875 0.7930555555555555 0.61875 0.8069444444444445 0.6140625 0.8277777777777777 0.60859375 0.8375 0.60234375 0.8444444444444444 0.5953125 0.8472222222222222 0.584375 0.8444444444444444 0.5734375 0.8305555555555556 0.56953125 0.8180555555555555 0.56875 0.7930555555555555 0.57109375 0.7791666666666667 0.58046875 0.7638888888888888 0.59453125 0.7569444444444444 0.60390625 0.7611111111111111
1 0.6625 0.6430555555555556 0.67265625 0.6486111111111111 0.67890625 0.6583333333333333 0.6828125 0.6708333333333333 0.68359375 0.6930555555555555 0.6796875 0.7111111111111111 0.6734375 0.7236111111111111 0.659375 0.7333333333333333 0.65 0.7305555555555555 0.64140625 0.7208333333333333 0.6359375 0.7083333333333334 0.63359375 0.6902777777777778 0.63515625 0.6736111111111112 0.6421875 0.6541666666666667 0.65234375 0.6444444444444445 0.66171875 0.6430555555555556
1 0.46484375 0.7694444444444445 0.471875 0.775 0.47890625 0.7861111111111111 0.4828125 0.7986111111111112 0.48359375 0.8180555555555555 0.48203125 0.8305555555555556 0.478125 0.8416666666666667 0.4703125 0.8527777777777777 0.4625 0.8583333333333333 0.45078125 0.8569444444444444 0.44296875 0.85 0.43828125 0.8416666666666667 0.4328125 0.8222222222222222 0.4328125 0.8027777777777778 0.43515625 0.7902777777777777 0.44375 0.775 0.45625 0.7680555555555556 0.4640625 0.7694444444444445
1 0.525 0.5416666666666666 0.53671875 0.5486111111111112 0.54375 0.5611111111111111 0.54765625 0.5791666666666667 0.54765625 0.5972222222222222 0.54375 0.6125 0.5359375 0.6263888888888889 0.5265625 0.6333333333333333 0.515625 0.6333333333333333 0.5078125 0.6263888888888889 0.49921875 0.6083333333333333 0.496875 0.5958333333333333 0.496875 0.5777777777777777 0.5015625 0.5597222222222222 0.5109375 0.5458333333333333 0.52421875 0.5416666666666666
1 0.59765625 0.5388888888888889 0.6046875 0.5444444444444444 0.6125 0.5597222222222222 0.615625 0.5777777777777777 0.615625 0.5888888888888889 0.609375 0.6125 0.603125 0.6222222222222222 0.59453125 0.6277777777777778 0.58046875 0.625 0.5703125 0.6125 0.565625 0.5958333333333333 0.56484375 0.5736111111111111 0.5703125 0.5527777777777778 0.57734375 0.5430555555555555 0.5859375 0.5375 0.596875 0.5388888888888889
1 0.73515625 0.8555555555555555 0.74296875 0.8611111111111112 0.7484375 0.8708333333333333 0.75234375 0.8888888888888888 0.75234375 0.9027777777777778 0.746875 0.925 0.74140625 0.9333333333333333 0.7296875 0.9416666666666667 0.71953125 0.9402777777777778 0.709375 0.9277777777777778 0.7046875 0.9097222222222222 0.7046875 0.8916666666666667 0.7078125 0.8763888888888889 0.71328125 0.8652777777777778 0.72421875 0.8555555555555555 0.734375 0.8555555555555555
1 0.53203125 0.6541666666666667 0.540625 0.6625 0.54609375 0.6736111111111112 0.55 0.6916666666666667 0.55 0.7027777777777777 0.5484375 0.7138888888888889 0.54296875 0.7291666666666666 0.52890625 0.7430555555555556 0.51484375 0.7416666666666667 0.50859375 0.7347222222222223 0.50078125 0.7180555555555556 0.4984375 0.6958333333333333 0.5 0.6805555555555556 0.5078125 0.6625 0.5203125 0.6527777777777778 0.53125 0.6541666666666667