0 0.4953125 0.6236111111111111 0.5078125 0.6375 0.51171875 0.6527777777777778 0.51171875 0.6694444444444444 0.50546875 0.6902777777777778 0.49375 0.7013888888888888 0.48515625 0.7013888888888888 0.47109375 0.6888888888888889 0.46640625 0.6763888888888889 0.465625 0.6513888888888889 0.46953125 0.6375 0.47578125 0.6277777777777778 0.48359375 0.6222222222222222 0.49453125 0.6236111111111111
0 0.60546875 0.4166666666666667 0.6171875 0.4222222222222222 0.6265625 0.44027777777777777 0.628125 0.4583333333333333 0.6265625 0.4736111111111111 0.62265625 0.4861111111111111 0.61171875 0.4986111111111111 0.6015625 0.5 0.5921875 0.4930555555555556 0.58515625 0.48194444444444445 0.5828125 0.4736111111111111 0.5828125 0.44583333333333336 0.58515625 0.4361111111111111 0.5921875 0.4236111111111111 0.59921875 0.41805555555555557 0.6046875 0.41805555555555557
0 0.55546875 0.7138888888888889 0.5609375 0.7166666666666667 0.56875 0.7277777777777777 0.571875 0.7375 0.57265625 0.7541666666666667 0.56796875 0.775 0.56171875 0.7847222222222222 0.55234375 0.7902777777777777 0.5421875 0.7875 0.5328125 0.7763888888888889 0.528125 0.7611111111111111 0.528125 0.7416666666666667 0.53125 0.7305555555555555 0.53828125 0.7194444444444444 0.54609375 0.7138888888888889 0.5546875 0.7138888888888889
0 0.4984375 0.7194444444444444 0.5109375 0.7361111111111112 0.51328125 0.7458333333333333 0.51328125 0.7625 0.509375 0.7791666666666667 0.50234375 0.7902777777777777 0.496875 0.7944444444444444 0.484375 0.7930555555555555 0.475 0.7833333333333333 0.46953125 0.7680555555555556 0.46875 0.7458333333333333 0.47109375 0.7361111111111112 0.478125 0.7236111111111111 0.48671875 0.7180555555555556 0.49765625 0.7194444444444444
0 0.6125 0.6125 0.6234375 0.6222222222222222 0.62890625 0.6347222222222222 0.63125 0.65 0.6265625 0.6736111111111112 0.61953125 0.6861111111111111 0.6125 0.6916666666666667 0.6046875 0.6916666666666667 0.596875 0.6861111111111111 0.5875 0.6708333333333333 0.58515625 0.6597222222222222 0.58671875 0.6375 0.59140625 0.625 0.6015625 0.6138888888888889 0.61171875 0.6125
0 0.5578125 0.525 0.5640625 0.5333333333333333 0.56875 0.5458333333333333 0.56875 0.5736111111111111 0.5640625 0.5888888888888889 0.55625 0.5986111111111111 0.55 0.6013888888888889 0.53828125 0.5986111111111111 0.53046875 0.5916666666666667 0.52578125 0.5833333333333334 0.5234375 0.5708333333333333 0.5234375 0.55 0.528125 0.5347222222222222 0.53671875 0.5236111111111111 0.5515625 0.5208333333333334 0.55703125 0.525
0 0.3765625 0.7277777777777777 0.390625 0.7430555555555556 0.39453125 0.7611111111111111 0.39453125 0.7736111111111111 0.39140625 0.7861111111111111 0.38515625 0.7972222222222223 0.37734375 0.8041666666666667 0.36875 0.8041666666666667 0.35859375 0.7958333333333333 0.3515625 0.7805555555555556 0.34921875 0.7652777777777777 0.3515625 0.7458333333333333 0.35859375 0.7333333333333333 0.365625 0.7277777777777777 0.37578125 0.7277777777777777
0 0.61328125 0.7083333333333334 0.6265625 0.7194444444444444 0.63203125 0.7347222222222223 0.63046875 0.7611111111111111 0.621875 0.7791666666666667 0.615625 0.7847222222222222 0.60546875 0.7847222222222222 0.59765625 0.7791666666666667 0.590625 0.7680555555555556 0.5875 0.7555555555555555 0.5875 0.7402777777777778 0.59375 0.7208333333333333 0.603125 0.7097222222222223 0.6125 0.7083333333333334
0 0.73125 0.6986111111111111 0.7421875 0.7055555555555556 0.7484375 0.7180555555555556 0.75078125 0.7305555555555555 0.75 0.7458333333333333 0.7453125 0.7611111111111111 0.73828125 0.7708333333333334 0.73125 0.775 0.715625 0.7694444444444445 0.70859375 0.7583333333333333 0.70625 0.7486111111111111 0.70703125 0.7291666666666666 0.7109375 0.7152777777777778 0.72109375 0.7013888888888888 0.73046875 0.6986111111111111
1 0.54609375 0.4222222222222222 0.55859375 0.4305555555555556 0.5640625 0.44027777777777777 0.56796875 0.4583333333333333 0.5671875 0.475 0.5640625 0.4861111111111111 0.5578125 0.49722222222222223 0.5484375 0.5041666666666667 0.540625 0.5041666666666667 0.53046875 0.49722222222222223 0.52421875 0.4861111111111111 0.52109375 0.46944444444444444 0.521875 0.44722222222222224 0.52421875 0.4388888888888889 0.53515625 0.425 0.5453125 0.4222222222222222
1 0.4359375 0.7236111111111111 0.44375 0.7291666666666666 0.45390625 0.7513888888888889 0.45390625 0.7694444444444445 0.45 0.7847222222222222 0.44453125 0.7930555555555555 0.43671875 0.7986111111111112 0.428125 0.7986111111111112 0.41875 0.7916666666666666 0.41328125 0.7833333333333333 0.409375 0.7694444444444445 0.409375 0.75 0.41328125 0.7361111111111112 0.4234375 0.725 0.43515625 0.7236111111111111
1 0.48828125 0.42777777777777776 0.49609375 0.43333333333333335 0.50234375 0.44305555555555554 0.50625 0.45694444444444443 0.50703125 0.4736111111111111 0.5046875 0.4861111111111111 0.4984375 0.5013888888888889 0.4859375 0.5111111111111111 0.478125 0.5097222222222222 0.46796875 0.5 0.46171875 0.4847222222222222 0.459375 0.46111111111111114 0.46328125 0.4444444444444444 0.46796875 0.4361111111111111 0.47734375 0.42777777777777776 0.4875 0.42777777777777776
1 0.55234375 0.6180555555555556 0.5609375 0.6236111111111111 0.565625 0.6305555555555555 0.5703125 0.6444444444444445 0.57109375 0.6527777777777778 0.5703125 0.6680555555555555 0.5671875 0.6819444444444445 0.5609375 0.6916666666666667 0.5546875 0.6958333333333333 0.54296875 0.6958333333333333 0.5375 0.6916666666666667 0.53046875 0.6819444444444445 0.52578125 0.6666666666666666 0.52578125 0.6486111111111111 0.5296875 0.6333333333333333 0.5390625 0.6208333333333333 0.5515625 0.6180555555555556
1 0.6796875 0.7083333333333334 0.6890625 0.725 0.690625 0.7458333333333333 0.68671875 0.7638888888888888 0.675 0.7791666666666667 0.66171875 0.7791666666666667 0.65390625 0.7722222222222223 0.646875 0.7541666666666667 0.646875 0.7347222222222223 0.65 0.7236111111111111 0.66015625 0.7083333333333334 0.665625 0.7055555555555556 0.67578125 0.7055555555555556 0.67890625 0.7083333333333334
1 0.61484375 0.5180555555555556 0.6265625 0.5347222222222222 0.62890625 0.5486111111111112 0.62890625 0.5652777777777778 0.6234375 0.5847222222222223 0.609375 0.5972222222222222 0.6 0.5958333333333333 0.59140625 0.5875 0.584375 0.5708333333333333 0.58359375 0.5527777777777778 0.58671875 0.5361111111111111 0.59609375 0.5208333333333334 0.603125 0.5166666666666667 0.6140625 0.5180555555555556
1 0.4875 0.525 0.50078125 0.5347222222222222 0.50859375 0.5541666666666667 0.509375 0.5722222222222222 0.5046875 0.5902777777777778 0.49375 0.6055555555555555 0.48359375 0.6069444444444444 0.47265625 0.5986111111111111 0.465625 0.5861111111111111 0.4625 0.5708333333333333 0.46328125 0.5527777777777778 0.465625 0.5444444444444444 0.4703125 0.5347222222222222 0.47734375 0.5277777777777778 0.48671875 0.5263888888888889
1 0.678125 0.6125 0.684375 0.6194444444444445 0.6890625 0.6333333333333333 0.68984375 0.6555555555555556 0.68203125 0.6763888888888889 0.67109375 0.6861111111111111 0.6640625 0.6861111111111111 0.65078125 0.675 0.64609375 0.6611111111111111 0.6453125 0.6444444444444445 0.65 0.625 0.65703125 0.6138888888888889 0.6640625 0.6097222222222223 0.67421875 0.6097222222222223 0.67734375 0.6125