0 0.534375 0.5486111111111112 0.5453125 0.5652777777777778 0.54921875 0.5847222222222223 0.54921875 0.6 0.546875 0.6125 0.540625 0.6263888888888889 0.528125 0.6375 0.515625 0.6375 0.50390625 0.6263888888888889 0.496875 0.6083333333333333 0.49609375 0.5833333333333334 0.503125 0.5583333333333333 0.5109375 0.5486111111111112 0.51796875 0.5444444444444444 0.5265625 0.5444444444444444 0.53359375 0.5486111111111112
0 0.5359375 0.8875 0.54453125 0.8944444444444445 0.55 0.9027777777777778 0.5546875 0.9208333333333333 0.5546875 0.9375 0.553125 0.95 0.546875 0.9652777777777778 0.540625 0.9736111111111111 0.5328125 0.9777777777777777 0.51640625 0.9722222222222222 0.50703125 0.9583333333333334 0.50234375 0.9402777777777778 0.50234375 0.9222222222222223 0.5046875 0.9111111111111111 0.51640625 0.8916666666666667 0.5234375 0.8875 0.53515625 0.8875
0 0.6125 0.8875 0.6203125 0.8986111111111111 0.6234375 0.9083333333333333 0.6234375 0.9402777777777778 0.61953125 0.9541666666666667 0.61484375 0.9625 0.60859375 0.9694444444444444 0.5984375 0.9736111111111111 0.58984375 0.9708333333333333 0.57890625 0.9583333333333334 0.5734375 0.9416666666666667 0.57265625 0.9152777777777777 0.57890625 0.8972222222222223 0.5890625 0.8847222222222222 0.60546875 0.8819444444444444 0.61171875 0.8875
0 0.68515625 0.8861111111111111 0.69296875 0.9041666666666667 0.69375 0.9263888888888889 0.6921875 0.9361111111111111 0.68359375 0.9569444444444445 0.66953125 0.9666666666666667 0.65703125 0.9625 0.6484375 0.9513888888888888 0.6421875 0.9305555555555556 0.64296875 0.9097222222222222 0.646875 0.8972222222222223 0.65390625 0.8847222222222222 0.66015625 0.8791666666666667 0.67265625 0.8763888888888889 0.67890625 0.8791666666666667 0.684375 0.8861111111111111
0 0.6796875 0.7680555555555556 0.68359375 0.7722222222222223 0.69140625 0.7916666666666666 0.6921875 0.8152777777777778 0.68671875 0.8361111111111111 0.68125 0.8458333333333333 0.66796875 0.8541666666666666 0.6546875 0.85 0.6453125 0.8361111111111111 0.640625 0.8208333333333333 0.640625 0.8027777777777778 0.64375 0.7875 0.653125 0.7708333333333334 0.66328125 0.7638888888888888 0.6734375 0.7638888888888888 0.67890625 0.7680555555555556
0 0.53125 0.7736111111111111 0.54296875 0.7819444444444444 0.55 0.7958333333333333 0.553125 0.8083333333333333 0.553125 0.8236111111111111 0.55 0.8416666666666667 0.540625 0.8583333333333333 0.53203125 0.8638888888888889 0.52109375 0.8638888888888889 0.5109375 0.8569444444444444 0.503125 0.8416666666666667 0.5 0.825 0.50078125 0.8055555555555556 0.509375 0.7847222222222222 0.51953125 0.775 0.53046875 0.7736111111111111
1 0.53203125 0.6611111111111111 0.53984375 0.6680555555555555 0.546875 0.6805555555555556 0.55078125 0.6958333333333333 0.55078125 0.7166666666666667 0.54765625 0.7305555555555555 0.54296875 0.7402777777777778 0.534375 0.75 0.52734375 0.7527777777777778 0.515625 0.75 0.503125 0.7333333333333333 0.4984375 0.7152777777777778 0.4984375 0.6958333333333333 0.5015625 0.6819444444444445 0.51171875 0.6652777777777777 0.5203125 0.6597222222222222 0.53125 0.6611111111111111
1 0.603125 0.7694444444444445 0.609375 0.7736111111111111 0.61953125 0.7902777777777777 0.62265625 0.8041666666666667 0.62265625 0.8236111111111111 0.61875 0.8402777777777778 0.61171875 0.8527777777777777 0.59921875 0.8611111111111112 0.58828125 0.8583333333333333 0.57890625 0.8486111111111111 0.571875 0.8305555555555556 0.5703125 0.8152777777777778 0.57265625 0.7944444444444444 0.57890625 0.7805555555555556 0.58828125 0.7708333333333334 0.60234375 0.7694444444444445
1 0.67734375 0.6541666666666667 0.6890625 0.675 0.69140625 0.6888888888888889 0.690625 0.7083333333333334 0.6828125 0.7305555555555555 0.675 0.7388888888888889 0.665625 0.7430555555555556 0.65390625 0.7402777777777778 0.646875 0.7319444444444444 0.63984375 0.7125 0.6390625 0.6888888888888889 0.64375 0.6694444444444444 0.65390625 0.6541666666666667 0.65859375 0.6513888888888889 0.6734375 0.6513888888888889 0.6765625 0.6541666666666667
1 0.46640625 0.8930555555555556 0.475 0.9013888888888889 0.48046875 0.9111111111111111 0.484375 0.9277777777777778 0.484375 0.9458333333333333 0.48125 0.9611111111111111 0.4765625 0.9708333333333333 0.46953125 0.9791666666666666 0.46171875 0.9833333333333333 0.45234375 0.9819444444444444 0.4421875 0.9736111111111111 0.43828125 0.9666666666666667 0.4328125 0.9472222222222222 0.4328125 0.925 0.43515625 0.9138888888888889 0.44375 0.8986111111111111 0.45625 0.8916666666666667 0.465625 0.8930555555555556
1 0.74453125 0.8722222222222222 0.753125 0.8791666666666667 0.75859375 0.8875 0.76171875 0.8986111111111111 0.7625 0.9222222222222223 0.76171875 0.9305555555555556 0.75625 0.9458333333333333 0.7484375 0.9569444444444445 0.74140625 0.9611111111111111 0.73203125 0.9611111111111111 0.72421875 0.9569444444444445 0.71640625 0.9458333333333333 0.7125 0.9291666666666667 0.7125 0.9069444444444444 0.715625 0.8944444444444445 0.7265625 0.8763888888888889 0.73515625 0.8722222222222222 0.74375 0.8722222222222222
1 0.60390625 0.6569444444444444 0.6109375 0.6638888888888889 0.61875 0.6791666666666667 0.62109375 0.6888888888888889 0.62109375 0.7111111111111111 0.61640625 0.7291666666666666 0.60703125 0.7430555555555556 0.60078125 0.7472222222222222 0.58984375 0.7472222222222222 0.57890625 0.7388888888888889 0.5703125 0.7194444444444444 0.56875 0.6930555555555555 0.57421875 0.6722222222222223 0.58046875 0.6625 0.5890625 0.6555555555555556 0.603125 0.6569444444444444