0 0.58515625 0.4263888888888889 0.5984375 0.4361111111111111 0.60703125 0.46111111111111114 0.60703125 0.48333333333333334 0.60234375 0.5013888888888889 0.596875 0.5111111111111111 0.58671875 0.5180555555555556 0.5765625 0.5180555555555556 0.56796875 0.5125 0.56015625 0.5 0.55625 0.48333333333333334 0.55625 0.4583333333333333 0.56015625 0.4444444444444444 0.57109375 0.42916666666666664 0.584375 0.4263888888888889
0 0.59765625 0.7638888888888888 0.6046875 0.7708333333333334 0.609375 0.7805555555555556 0.6125 0.7930555555555555 0.6125 0.8111111111111111 0.60703125 0.8319444444444445 0.6015625 0.8416666666666667 0.59375 0.8486111111111111 0.58125 0.8486111111111111 0.56953125 0.8388888888888889 0.5625 0.8208333333333333 0.56171875 0.7958333333333333 0.5640625 0.7847222222222222 0.57265625 0.7680555555555556 0.58203125 0.7611111111111111 0.59375 0.7611111111111111 0.596875 0.7638888888888888
0 0.52421875 0.7652777777777777 0.53359375 0.7722222222222223 0.5390625 0.7805555555555556 0.54296875 0.7916666666666666 0.54453125 0.8041666666666667 0.54453125 0.8194444444444444 0.540625 0.8347222222222223 0.53671875 0.8430555555555556 0.52421875 0.8541666666666666 0.5140625 0.8541666666666666 0.5015625 0.8444444444444444 0.49765625 0.8375 0.49296875 0.8194444444444444 0.49375 0.7972222222222223 0.5 0.7791666666666667 0.509375 0.7680555555555556 0.5234375 0.7652777777777777
0 0.5265625 0.6569444444444444 0.53359375 0.6638888888888889 0.53828125 0.6736111111111112 0.5421875 0.6888888888888889 0.5421875 0.7069444444444445 0.5390625 0.7236111111111111 0.5328125 0.7361111111111112 0.51953125 0.7458333333333333 0.51328125 0.7458333333333333 0.50078125 0.7375 0.49375 0.7222222222222222 0.490625 0.6986111111111111 0.49375 0.6777777777777778 0.5015625 0.6625 0.5125 0.6541666666666667 0.52265625 0.6541666666666667 0.52578125 0.6569444444444444
0 0.6640625 0.8666666666666667 0.675 0.8763888888888889 0.6796875 0.8875 0.68125 0.8944444444444445 0.68125 0.9180555555555555 0.67578125 0.9388888888888889 0.6609375 0.9541666666666667 0.64765625 0.9513888888888888 0.63671875 0.9388888888888889 0.63125 0.9180555555555555 0.63125 0.9041666666666667 0.6359375 0.8847222222222222 0.64375 0.8722222222222222 0.6515625 0.8666666666666667 0.66328125 0.8666666666666667
0 0.80546875 0.8611111111111112 0.8140625 0.8763888888888889 0.815625 0.8847222222222222 0.81484375 0.9111111111111111 0.81171875 0.9222222222222223 0.8046875 0.9347222222222222 0.7921875 0.9430555555555555 0.7828125 0.9416666666666667 0.771875 0.9277777777777778 0.76796875 0.9166666666666666 0.76640625 0.9027777777777778 0.76796875 0.8833333333333333 0.771875 0.8722222222222222 0.78203125 0.8583333333333333 0.79453125 0.8541666666666666 0.8046875 0.8611111111111112
0 0.65078125 0.42083333333333334 0.66484375 0.42916666666666664 0.66953125 0.4361111111111111 0.675 0.4527777777777778 0.67578125 0.47638888888888886 0.66875 0.5 0.65703125 0.5125 0.64375 0.5125 0.63359375 0.5027777777777778 0.6265625 0.4875 0.625 0.4777777777777778 0.6265625 0.44583333333333336 0.63671875 0.42777777777777776 0.65 0.4222222222222222
0 0.728125 0.8597222222222223 0.7390625 0.8666666666666667 0.74453125 0.875 0.7484375 0.8902777777777777 0.7484375 0.9138888888888889 0.746875 0.9222222222222223 0.740625 0.9361111111111111 0.73203125 0.9458333333333333 0.725 0.9486111111111111 0.7140625 0.9458333333333333 0.703125 0.9305555555555556 0.69921875 0.9180555555555555 0.69921875 0.8986111111111111 0.70234375 0.8833333333333333 0.70859375 0.8708333333333333 0.7171875 0.8625 0.72734375 0.8597222222222223
0 0.5265625 0.8763888888888889 0.5359375 0.8833333333333333 0.54296875 0.8958333333333334 0.54609375 0.9069444444444444 0.54609375 0.9305555555555556 0.53671875 0.9555555555555556 0.52421875 0.9652777777777778 0.51015625 0.9611111111111111 0.49765625 0.9430555555555555 0.4953125 0.9305555555555556 0.4953125 0.9111111111111111 0.5 0.8930555555555556 0.50625 0.8833333333333333 0.515625 0.8763888888888889 0.52578125 0.8763888888888889
1 0.51953125 0.5430555555555555 0.52890625 0.55 0.534375 0.5583333333333333 0.53984375 0.5763888888888888 0.540625 0.5930555555555556 0.5375 0.6125 0.5296875 0.6277777777777778 0.515625 0.6361111111111111 0.503125 0.6305555555555555 0.49375 0.6166666666666667 0.490625 0.6069444444444444 0.4890625 0.5833333333333334 0.490625 0.5694444444444444 0.49921875 0.5513888888888889 0.5078125 0.5444444444444444 0.51875 0.5430555555555555
1 0.66171875 0.6472222222222223 0.675 0.6638888888888889 0.678125 0.6791666666666667 0.678125 0.7027777777777777 0.671875 0.7222222222222222 0.6625 0.7333333333333333 0.6546875 0.7361111111111112 0.63984375 0.7305555555555555 0.63359375 0.7208333333333333 0.62890625 0.7069444444444445 0.628125 0.6847222222222222 0.6328125 0.6638888888888889 0.64140625 0.65 0.6484375 0.6458333333333334 0.6609375 0.6472222222222223
1 0.6625 0.7569444444444444 0.67109375 0.7652777777777777 0.678125 0.7805555555555556 0.6796875 0.8083333333333333 0.675 0.8277777777777777 0.671875 0.8333333333333334 0.6578125 0.8458333333333333 0.6453125 0.8430555555555556 0.6359375 0.8319444444444445 0.6296875 0.8111111111111111 0.6296875 0.7930555555555555 0.63359375 0.7763888888888889 0.64296875 0.7611111111111111 0.65234375 0.7555555555555555 0.66171875 0.7569444444444444
1 0.59609375 0.6541666666666667 0.60234375 0.6611111111111111 0.60859375 0.675 0.61015625 0.7055555555555556 0.6078125 0.7166666666666667 0.60234375 0.7291666666666666 0.5953125 0.7375 0.58515625 0.7416666666666667 0.5703125 0.7333333333333333 0.56328125 0.7208333333333333 0.56015625 0.7083333333333334 0.56015625 0.6833333333333333 0.56328125 0.6708333333333333 0.57421875 0.6541666666666667 0.5828125 0.65 0.58984375 0.65 0.5953125 0.6541666666666667
1 0.6640625 0.5388888888888889 0.675 0.5569444444444445 0.67734375 0.5833333333333334 0.6734375 0.6041666666666666 0.665625 0.6180555555555556 0.65625 0.625 0.63984375 0.6208333333333333 0.6296875 0.6055555555555555 0.6265625 0.5902777777777778 0.6265625 0.5694444444444444 0.63203125 0.55 0.64140625 0.5375 0.6578125 0.5347222222222222 0.66328125 0.5388888888888889
1 0.6015625 0.8763888888888889 0.609375 0.8875 0.61328125 0.9 0.6140625 0.9222222222222223 0.60859375 0.9430555555555555 0.603125 0.9527777777777777 0.59296875 0.9597222222222223 0.58125 0.9583333333333334 0.571875 0.95 0.56484375 0.9333333333333333 0.56328125 0.9069444444444444 0.56953125 0.8861111111111111 0.578125 0.875 0.58984375 0.8708333333333333 0.60078125 0.8763888888888889
1 0.73359375 0.7541666666666667 0.73828125 0.7583333333333333 0.7453125 0.7736111111111111 0.746875 0.7819444444444444 0.746875 0.8055555555555556 0.7453125 0.8138888888888889 0.7375 0.8305555555555556 0.72421875 0.8402777777777778 0.71171875 0.8361111111111111 0.70078125 0.8208333333333333 0.6984375 0.8083333333333333 0.6984375 0.7847222222222222 0.70234375 0.7694444444444445 0.71015625 0.7569444444444444 0.71953125 0.7513888888888889 0.7296875 0.7513888888888889 0.7328125 0.7541666666666667
1 0.58828125 0.5388888888888889 0.59921875 0.5472222222222223 0.60625 0.5611111111111111 0.609375 0.5777777777777777 0.609375 0.5902777777777778 0.60703125 0.6041666666666666 0.603125 0.6138888888888889 0.596875 0.6236111111111111 0.5875 0.6305555555555555 0.58046875 0.6305555555555555 0.56640625 0.6194444444444445 0.56015625 0.6055555555555555 0.5578125 0.5916666666666667 0.55859375 0.5694444444444444 0.5625 0.5569444444444445 0.5734375 0.5416666666666666 0.5875 0.5388888888888889