0 0.7328125 0.6402777777777777 0.7421875 0.6555555555555556 0.7453125 0.6708333333333333 0.7453125 0.6847222222222222 0.74140625 0.7027777777777777 0.73359375 0.7166666666666667 0.72578125 0.7236111111111111 0.715625 0.7236111111111111 0.70546875 0.7166666666666667 0.69765625 0.7013888888888888 0.6953125 0.6847222222222222 0.69609375 0.6722222222222223 0.7015625 0.6527777777777778 0.71015625 0.6402777777777777 0.71640625 0.6361111111111111 0.7265625 0.6361111111111111 0.73203125 0.6402777777777777
0 0.46328125 0.8736111111111111 0.47109375 0.8791666666666667 0.4796875 0.8930555555555556 0.48359375 0.9097222222222222 0.48359375 0.9222222222222223 0.48046875 0.9388888888888889 0.4734375 0.9513888888888888 0.4609375 0.9611111111111111 0.4546875 0.9611111111111111 0.4421875 0.9527777777777777 0.43359375 0.9347222222222222 0.43203125 0.9111111111111111 0.43515625 0.8958333333333334 0.44375 0.8805555555555555 0.45234375 0.8736111111111111 0.4625 0.8736111111111111
0 0.46328125 0.55 0.4703125 0.5597222222222222 0.475 0.5722222222222222 0.4765625 0.5986111111111111 0.47421875 0.6111111111111112 0.46640625 0.6263888888888889 0.45546875 0.6347222222222222 0.44453125 0.6347222222222222 0.43515625 0.6263888888888889 0.428125 0.6125 0.425 0.5986111111111111 0.425 0.5875 0.43125 0.5611111111111111 0.440625 0.5486111111111112 0.45703125 0.5458333333333333 0.4625 0.55
0 0.5859375 0.4263888888888889 0.59375 0.42916666666666664 0.6015625 0.4375 0.609375 0.4597222222222222 0.609375 0.4791666666666667 0.60625 0.49583333333333335 0.6 0.5083333333333333 0.58984375 0.5166666666666667 0.58046875 0.5166666666666667 0.57109375 0.5111111111111111 0.56328125 0.4986111111111111 0.559375 0.48194444444444445 0.559375 0.4597222222222222 0.56328125 0.44583333333333336 0.57265625 0.4305555555555556 0.58515625 0.4263888888888889
0 0.5921875 0.6458333333333334 0.6 0.65 0.60859375 0.6625 0.6125 0.6777777777777778 0.6125 0.7 0.60859375 0.7152777777777778 0.60234375 0.7263888888888889 0.59140625 0.7347222222222223 0.5828125 0.7347222222222223 0.571875 0.725 0.5671875 0.7166666666666667 0.56328125 0.7 0.5640625 0.6763888888888889 0.5703125 0.6583333333333333 0.58125 0.6472222222222223 0.59140625 0.6458333333333334
0 0.72421875 0.41944444444444445 0.73125 0.425 0.7375 0.43472222222222223 0.74140625 0.45 0.7421875 0.4652777777777778 0.740625 0.48055555555555557 0.7359375 0.49444444444444446 0.73125 0.5013888888888889 0.72109375 0.5083333333333333 0.709375 0.5069444444444444 0.69765625 0.49166666666666664 0.69375 0.4736111111111111 0.69375 0.4513888888888889 0.6953125 0.44166666666666665 0.7046875 0.425 0.715625 0.41805555555555557 0.7234375 0.41944444444444445
0 0.465625 0.7680555555555556 0.4734375 0.7763888888888889 0.47890625 0.7888888888888889 0.48125 0.8013888888888889 0.48125 0.8138888888888889 0.478125 0.8305555555555556 0.4734375 0.8402777777777778 0.465625 0.8486111111111111 0.45625 0.8527777777777777 0.44609375 0.85 0.43359375 0.8333333333333334 0.43046875 0.8208333333333333 0.43046875 0.7986111111111112 0.43515625 0.7819444444444444 0.4453125 0.7680555555555556 0.45546875 0.7638888888888888 0.46484375 0.7680555555555556
0 0.665625 0.7513888888888889 0.67265625 0.7583333333333333 0.678125 0.7694444444444445 0.68046875 0.7791666666666667 0.68046875 0.7930555555555555 0.678125 0.8097222222222222 0.6734375 0.8222222222222222 0.66796875 0.8305555555555556 0.66015625 0.8361111111111111 0.6515625 0.8361111111111111 0.640625 0.8277777777777777 0.63203125 0.8083333333333333 0.63125 0.7875 0.63359375 0.7736111111111111 0.64453125 0.7541666666666667 0.653125 0.7486111111111111 0.66484375 0.7513888888888889
0 0.59609375 0.8625 0.609375 0.8736111111111111 0.61328125 0.8819444444444444 0.61640625 0.8986111111111111 0.615625 0.9166666666666666 0.6125 0.9291666666666667 0.60546875 0.9416666666666667 0.596875 0.9486111111111111 0.58359375 0.9472222222222222 0.575 0.9388888888888889 0.5671875 0.9208333333333333 0.56640625 0.9069444444444444 0.56875 0.8875 0.57421875 0.875 0.584375 0.8638888888888889 0.5953125 0.8625
0 0.796875 0.7402777777777778 0.80234375 0.7458333333333333 0.81015625 0.7638888888888888 0.81015625 0.7916666666666666 0.80703125 0.8041666666666667 0.80078125 0.8166666666666667 0.78984375 0.825 0.77890625 0.8236111111111111 0.771875 0.8166666666666667 0.76484375 0.7986111111111112 0.76328125 0.7791666666666667 0.765625 0.7625 0.7734375 0.7472222222222222 0.7875 0.7375 0.79609375 0.7402777777777778
0 0.79765625 0.8472222222222222 0.80390625 0.8527777777777777 0.81015625 0.8652777777777778 0.8125 0.8777777777777778 0.8125 0.8902777777777777 0.8078125 0.9125 0.8 0.925 0.78984375 0.9319444444444445 0.77890625 0.9291666666666667 0.7703125 0.9180555555555555 0.765625 0.9055555555555556 0.76484375 0.8791666666666667 0.76796875 0.8666666666666667 0.7796875 0.8486111111111111 0.7859375 0.8458333333333333 0.796875 0.8472222222222222
0 0.7296875 0.8513888888888889 0.73828125 0.8583333333333333 0.74453125 0.8694444444444445 0.74765625 0.8944444444444445 0.74609375 0.9083333333333333 0.7421875 0.9194444444444444 0.734375 0.9319444444444445 0.72578125 0.9375 0.71640625 0.9361111111111111 0.7046875 0.9236111111111112 0.69921875 0.9069444444444444 0.69921875 0.8847222222222222 0.70234375 0.8722222222222222 0.71015625 0.8583333333333333 0.7203125 0.8513888888888889 0.72890625 0.8513888888888889
0 0.65859375 0.4236111111111111 0.6671875 0.43194444444444446 0.675 0.45 0.67578125 0.48055555555555557 0.66796875 0.5013888888888889 0.65546875 0.5125 0.64375 0.5111111111111111 0.63203125 0.49722222222222223 0.6265625 0.4777777777777778 0.6265625 0.45555555555555555 0.63203125 0.4375 0.6390625 0.42777777777777776 0.6484375 0.4222222222222222 0.6578125 0.4236111111111111
1 0.45078125 0.43472222222222223 0.46484375 0.4444444444444444 0.4703125 0.45416666666666666 0.47421875 0.4708333333333333 0.47421875 0.49166666666666664 0.4703125 0.5069444444444444 0.4625 0.5194444444444445 0.4546875 0.525 0.44375 0.525 0.43203125 0.5152777777777777 0.42734375 0.5055555555555555 0.4234375 0.4861111111111111 0.42421875 0.4666666666666667 0.43125 0.44722222222222224 0.4390625 0.4375 0.45 0.43472222222222223
1 0.66015625 0.5333333333333333 0.66875 0.5416666666666666 0.675 0.5541666666666667 0.67734375 0.5652777777777778 0.67734375 0.5875 0.675 0.5986111111111111 0.66796875 0.6125 0.65546875 0.6222222222222222 0.64453125 0.6208333333333333 0.63203125 0.6041666666666666 0.628125 0.5861111111111111 0.628125 0.5680555555555555 0.63046875 0.5555555555555556 0.6390625 0.5388888888888889 0.65 0.5319444444444444 0.659375 0.5333333333333333
1 0.58984375 0.31805555555555554 0.59765625 0.325 0.6046875 0.3388888888888889 0.6078125 0.35555555555555557 0.6078125 0.36944444444444446 0.6046875 0.38472222222222224 0.6 0.3958333333333333 0.5859375 0.4083333333333333 0.578125 0.4083333333333333 0.571875 0.4041666666666667 0.56171875 0.3888888888888889 0.55703125 0.3680555555555556 0.55703125 0.3541666666666667 0.56171875 0.3347222222222222 0.57109375 0.32083333333333336 0.578125 0.31666666666666665 0.5890625 0.31805555555555554
1 0.665625 0.8597222222222223 0.671875 0.8638888888888889 0.678125 0.875 0.68203125 0.8902777777777777 0.68203125 0.9027777777777778 0.67734375 0.925 0.66953125 0.9375 0.66015625 0.9444444444444444 0.653125 0.9444444444444444 0.646875 0.9402777777777778 0.63671875 0.9263888888888889 0.6328125 0.9097222222222222 0.6328125 0.8930555555555556 0.63671875 0.8777777777777778 0.64375 0.8652777777777778 0.65234375 0.8583333333333333 0.65859375 0.8569444444444444 0.66484375 0.8597222222222223
1 0.58828125 0.5361111111111111 0.59453125 0.5388888888888889 0.60546875 0.5513888888888889 0.609375 0.5625 0.6109375 0.5763888888888888 0.609375 0.5986111111111111 0.60390625 0.6125 0.59921875 0.6194444444444445 0.58828125 0.6263888888888889 0.5765625 0.6236111111111111 0.5703125 0.6180555555555556 0.5640625 0.6055555555555555 0.5609375 0.5902777777777778 0.5609375 0.5722222222222222 0.5671875 0.5513888888888889 0.5734375 0.5416666666666666 0.5875 0.5361111111111111
1 0.6609375 0.6416666666666667 0.6703125 0.65 0.67578125 0.6597222222222222 0.67890625 0.6847222222222222 0.678125 0.6972222222222222 0.67421875 0.7125 0.665625 0.725 0.65859375 0.7305555555555555 0.65 0.7305555555555555 0.64296875 0.7263888888888889 0.6328125 0.7111111111111111 0.6296875 0.6986111111111111 0.6296875 0.6763888888888889 0.63359375 0.6611111111111111 0.64140625 0.6472222222222223 0.64921875 0.6416666666666667 0.66015625 0.6416666666666667
1 0.7296875 0.5319444444444444 0.7375 0.5416666666666666 0.7421875 0.5541666666666667 0.74375 0.5680555555555555 0.74296875 0.5833333333333334 0.740625 0.5944444444444444 0.73359375 0.6083333333333333 0.72265625 0.6166666666666667 0.70859375 0.6138888888888889 0.6984375 0.5986111111111111 0.6953125 0.5847222222222223 0.6953125 0.5638888888888889 0.6984375 0.5486111111111112 0.70859375 0.5319444444444444 0.71953125 0.5277777777777778 0.72890625 0.5319444444444444
1 0.46015625 0.6569444444444444 0.4671875 0.6625 0.4734375 0.6722222222222223 0.478125 0.6888888888888889 0.47890625 0.7069444444444445 0.47578125 0.7222222222222222 0.46875 0.7361111111111112 0.4546875 0.7458333333333333 0.44453125 0.7430555555555556 0.43203125 0.7263888888888889 0.428125 0.7083333333333334 0.428125 0.6902777777777778 0.43203125 0.675 0.440625 0.6611111111111111 0.4484375 0.6555555555555556 0.459375 0.6569444444444444
1 0.396875 0.8791666666666667 0.4078125 0.8902777777777777 0.41328125 0.9027777777777778 0.41484375 0.9333333333333333 0.4109375 0.9486111111111111 0.40625 0.9569444444444445 0.3921875 0.9666666666666667 0.3765625 0.9597222222222223 0.36796875 0.9458333333333333 0.36484375 0.9333333333333333 0.36484375 0.9138888888888889 0.36875 0.8972222222222223 0.375 0.8861111111111111 0.38359375 0.8791666666666667 0.39609375 0.8791666666666667
1 0.53203125 0.8694444444444445 0.5390625 0.875 0.54609375 0.8875 0.55 0.9041666666666667 0.55 0.9180555555555555 0.54453125 0.9388888888888889 0.540625 0.9458333333333333 0.5296875 0.9555555555555556 0.51796875 0.9555555555555556 0.5078125 0.9458333333333333 0.50078125 0.9277777777777778 0.5 0.9041666666666667 0.50390625 0.8861111111111111 0.51171875 0.8736111111111111 0.5234375 0.8680555555555556 0.53125 0.8694444444444445
1 0.59921875 0.7569444444444444 0.60625 0.7638888888888888 0.61171875 0.775 0.61484375 0.7958333333333333 0.6140625 0.8083333333333333 0.60546875 0.8319444444444445 0.59921875 0.8388888888888889 0.58984375 0.8430555555555556 0.58125 0.8402777777777778 0.5703125 0.8277777777777777 0.565625 0.8138888888888889 0.56484375 0.7902777777777777 0.5703125 0.7694444444444445 0.57734375 0.7597222222222222 0.584375 0.7555555555555555 0.5984375 0.7569444444444444
1 0.728125 0.7444444444444445 0.73515625 0.75 0.7421875 0.7611111111111111 0.74609375 0.7777777777777778 0.74609375 0.7930555555555555 0.74140625 0.8138888888888889 0.734375 0.825 0.72421875 0.8319444444444445 0.7125 0.8291666666666667 0.7015625 0.8138888888888889 0.6984375 0.8013888888888889 0.69765625 0.7819444444444444 0.70234375 0.7625 0.7078125 0.7527777777777778 0.71875 0.7444444444444445 0.72734375 0.7444444444444445
1 0.45 0.3236111111111111 0.4625 0.3333333333333333 0.46875 0.34444444444444444 0.471875 0.35694444444444445 0.471875 0.3819444444444444 0.46953125 0.39305555555555555 0.4609375 0.4083333333333333 0.45078125 0.4152777777777778 0.4421875 0.4152777777777778 0.4328125 0.4083333333333333 0.42421875 0.39305555555555555 0.42109375 0.3763888888888889 0.42109375 0.3611111111111111 0.425 0.34305555555555556 0.4375 0.3263888888888889 0.44921875 0.3236111111111111