0 0.603125 0.42916666666666664 0.61328125 0.4444444444444444 0.61640625 0.45555555555555555 0.61796875 0.46944444444444444 0.6171875 0.48333333333333334 0.6125 0.5 0.6078125 0.5083333333333333 0.6015625 0.5152777777777777 0.59140625 0.5194444444444445 0.58125 0.5166666666666667 0.56875 0.5 0.56484375 0.48055555555555557 0.56484375 0.4625 0.56953125 0.44305555555555554 0.578125 0.4305555555555556 0.58671875 0.425 0.5953125 0.425 0.60234375 0.42916666666666664
0 0.5375 0.8888888888888888 0.5453125 0.8958333333333334 0.5515625 0.9069444444444444 0.55390625 0.9166666666666666 0.5546875 0.9347222222222222 0.553125 0.9486111111111111 0.54765625 0.9638888888888889 0.54375 0.9708333333333333 0.53515625 0.9777777777777777 0.52578125 0.9777777777777777 0.51171875 0.9680555555555556 0.503125 0.9486111111111111 0.5015625 0.9291666666666667 0.50390625 0.9125 0.51484375 0.8930555555555556 0.52421875 0.8875 0.53671875 0.8888888888888888
0 0.53359375 0.5486111111111112 0.54453125 0.5638888888888889 0.5484375 0.5805555555555556 0.54921875 0.5986111111111111 0.546875 0.6111111111111112 0.540625 0.6263888888888889 0.52890625 0.6375 0.51484375 0.6375 0.50390625 0.6263888888888889 0.49765625 0.6125 0.4953125 0.5916666666666667 0.5 0.5652777777777778 0.50703125 0.5527777777777778 0.51875 0.5444444444444444 0.52578125 0.5444444444444444 0.5328125 0.5486111111111112
0 0.6046875 0.8819444444444444 0.6109375 0.8861111111111111 0.6203125 0.9 0.62421875 0.9138888888888889 0.62421875 0.9319444444444445 0.6203125 0.9527777777777777 0.61328125 0.9652777777777778 0.6 0.9736111111111111 0.5875 0.9694444444444444 0.5765625 0.9541666666666667 0.57265625 0.9416666666666667 0.571875 0.9180555555555555 0.5765625 0.9013888888888889 0.58671875 0.8861111111111111 0.5953125 0.8819444444444444 0.60390625 0.8819444444444444
0 0.6796875 0.8805555555555555 0.68515625 0.8861111111111111 0.6921875 0.9013888888888889 0.69375 0.925 0.6875 0.95 0.68125 0.9597222222222223 0.671875 0.9666666666666667 0.6625 0.9666666666666667 0.653125 0.9597222222222223 0.64296875 0.9375 0.6421875 0.9138888888888889 0.6484375 0.8930555555555556 0.65625 0.8819444444444444 0.66796875 0.8763888888888889 0.67890625 0.8805555555555555
0 0.67578125 0.7652777777777777 0.68203125 0.7708333333333334 0.68984375 0.7861111111111111 0.6921875 0.7958333333333333 0.6921875 0.8180555555555555 0.68828125 0.8333333333333334 0.6828125 0.8444444444444444 0.6703125 0.8541666666666666 0.65390625 0.85 0.64609375 0.8388888888888889 0.640625 0.8208333333333333 0.640625 0.8 0.6453125 0.7833333333333333 0.65546875 0.7680555555555556 0.6625 0.7638888888888888 0.675 0.7652777777777777
0 0.3921875 0.8958333333333334 0.4046875 0.9055555555555556 0.41171875 0.9194444444444444 0.4140625 0.9291666666666667 0.4140625 0.9555555555555556 0.4125 0.9625 0.4046875 0.9777777777777777 0.39296875 0.9875 0.3828125 0.9875 0.37265625 0.9791666666666666 0.36484375 0.9652777777777778 0.3609375 0.9513888888888888 0.36171875 0.9277777777777778 0.36796875 0.9111111111111111 0.37734375 0.8986111111111111 0.39140625 0.8958333333333334
0 0.8140625 0.8666666666666667 0.82109375 0.8722222222222222 0.828125 0.8833333333333333 0.83203125 0.8986111111111111 0.83203125 0.9194444444444444 0.828125 0.9361111111111111 0.82265625 0.9458333333333333 0.80859375 0.9569444444444445 0.79609375 0.9541666666666667 0.7859375 0.9402777777777778 0.78203125 0.9277777777777778 0.78125 0.9069444444444444 0.7859375 0.8861111111111111 0.79453125 0.8722222222222222 0.803125 0.8666666666666667 0.81328125 0.8666666666666667
0 0.53828125 0.7777777777777778 0.546875 0.7888888888888889 0.55234375 0.8055555555555556 0.55234375 0.8305555555555556 0.55 0.8416666666666667 0.5421875 0.8569444444444444 0.528125 0.8652777777777778 0.5140625 0.8611111111111112 0.5046875 0.8472222222222222 0.50078125 0.8347222222222223 0.5 0.8097222222222222 0.50390625 0.7944444444444444 0.51484375 0.7777777777777778 0.5234375 0.7736111111111111 0.53046875 0.7736111111111111 0.5375 0.7777777777777778
1 0.4609375 0.8916666666666667 0.46796875 0.8944444444444445 0.47578125 0.9027777777777778 0.48203125 0.9166666666666666 0.484375 0.9291666666666667 0.48359375 0.95 0.47890625 0.9666666666666667 0.47109375 0.9777777777777777 0.46328125 0.9833333333333333 0.4546875 0.9833333333333333 0.44140625 0.9736111111111111 0.434375 0.9569444444444445 0.43203125 0.9361111111111111 0.43359375 0.9180555555555555 0.4421875 0.9 0.45078125 0.8930555555555556 0.46015625 0.8916666666666667
1 0.675 0.6527777777777778 0.68203125 0.6597222222222222 0.68828125 0.6736111111111112 0.690625 0.6847222222222222 0.690625 0.7083333333333334 0.6890625 0.7166666666666667 0.68203125 0.7319444444444444 0.671875 0.7416666666666667 0.6640625 0.7444444444444445 0.6546875 0.7416666666666667 0.64375 0.7263888888888889 0.6390625 0.7069444444444445 0.6390625 0.6861111111111111 0.64375 0.6680555555555555 0.6515625 0.6569444444444444 0.65859375 0.6513888888888889 0.67421875 0.6527777777777778
1 0.6 0.5416666666666666 0.60859375 0.5486111111111112 0.61640625 0.5638888888888889 0.61953125 0.5805555555555556 0.61953125 0.5930555555555556 0.6140625 0.6152777777777778 0.60625 0.6277777777777778 0.5984375 0.6333333333333333 0.58671875 0.6333333333333333 0.5765625 0.625 0.5703125 0.6138888888888889 0.5671875 0.6013888888888889 0.56640625 0.5833333333333334 0.5703125 0.5611111111111111 0.57578125 0.5513888888888889 0.5859375 0.5416666666666666 0.59921875 0.5416666666666666
1 0.60703125 0.7722222222222223 0.61328125 0.7791666666666667 0.6203125 0.7930555555555555 0.62265625 0.8069444444444445 0.62265625 0.8208333333333333 0.61796875 0.8416666666666667 0.609375 0.8555555555555555 0.6 0.8611111111111112 0.58984375 0.8597222222222223 0.58125 0.8527777777777777 0.57421875 0.8402777777777778 0.57109375 0.8291666666666667 0.5703125 0.8111111111111111 0.57265625 0.7930555555555555 0.58046875 0.7777777777777778 0.59140625 0.7694444444444445 0.603125 0.7694444444444445 0.60625 0.7722222222222223
1 0.74296875 0.6472222222222223 0.75078125 0.6541666666666667 0.7578125 0.6666666666666666 0.76015625 0.6777777777777778 0.76015625 0.7013888888888888 0.75703125 0.7152777777777778 0.7515625 0.7263888888888889 0.7390625 0.7375 0.72890625 0.7375 0.7171875 0.7277777777777777 0.71015625 0.7097222222222223 0.70859375 0.6888888888888889 0.7125 0.6680555555555555 0.72109375 0.6527777777777778 0.73125 0.6458333333333334 0.7421875 0.6472222222222223
1 0.746875 0.7625 0.7515625 0.7666666666666667 0.76015625 0.7861111111111111 0.7609375 0.8152777777777778 0.759375 0.8236111111111111 0.75234375 0.8388888888888889 0.73984375 0.85 0.73125 0.85 0.7234375 0.8458333333333333 0.71484375 0.8333333333333334 0.7109375 0.8180555555555555 0.7109375 0.7944444444444444 0.715625 0.7777777777777778 0.7234375 0.7652777777777777 0.7328125 0.7597222222222222 0.74296875 0.7597222222222222 0.74609375 0.7625
1 0.53203125 0.6611111111111111 0.53984375 0.6680555555555555 0.54765625 0.6833333333333333 0.55078125 0.6986111111111111 0.55078125 0.7138888888888889 0.546875 0.7319444444444444 0.5375 0.7472222222222222 0.52890625 0.7527777777777778 0.51640625 0.7513888888888889 0.50546875 0.7388888888888889 0.49921875 0.7236111111111111 0.49765625 0.6986111111111111 0.50078125 0.6833333333333333 0.51015625 0.6666666666666666 0.5203125 0.6597222222222222 0.53125 0.6611111111111111
1 0.74921875 0.8763888888888889 0.7546875 0.8819444444444444 0.76015625 0.8930555555555556 0.7625 0.9055555555555556 0.76171875 0.9305555555555556 0.75234375 0.9527777777777777 0.73828125 0.9625 0.725 0.9583333333333334 0.715625 0.9444444444444444 0.7125 0.9305555555555556 0.7125 0.9055555555555556 0.71953125 0.8861111111111111 0.72734375 0.8763888888888889 0.7359375 0.8722222222222222 0.74296875 0.8722222222222222 0.7484375 0.8763888888888889
1 0.603125 0.6569444444444444 0.609375 0.6625 0.61796875 0.6777777777777778 0.62109375 0.6916666666666667 0.62109375 0.7083333333333334 0.61796875 0.7236111111111111 0.6109375 0.7388888888888889 0.596875 0.7486111111111111 0.58359375 0.7444444444444445 0.57421875 0.7319444444444444 0.56875 0.7111111111111111 0.56875 0.6916666666666667 0.5734375 0.6736111111111112 0.58046875 0.6625 0.58984375 0.6555555555555556 0.60234375 0.6569444444444444