0 0.45703125 0.8208333333333333 0.46640625 0.8361111111111111 0.46953125 0.8486111111111111 0.4703125 0.8625 0.4671875 0.8819444444444444 0.45703125 0.9 0.4515625 0.9041666666666667 0.44140625 0.9041666666666667 0.43203125 0.8958333333333334 0.42421875 0.8777777777777778 0.42265625 0.8555555555555555 0.425 0.8402777777777778 0.434375 0.8222222222222222 0.44375 0.8166666666666667 0.45625 0.8208333333333333
0 0.5125 0.8180555555555555 0.5234375 0.825 0.53046875 0.8375 0.53359375 0.8527777777777777 0.5328125 0.8736111111111111 0.5296875 0.8847222222222222 0.525 0.8944444444444445 0.515625 0.9041666666666667 0.5046875 0.9041666666666667 0.49765625 0.9 0.48984375 0.8861111111111111 0.4859375 0.8694444444444445 0.4859375 0.8513888888888889 0.48984375 0.8347222222222223 0.50078125 0.8194444444444444 0.51171875 0.8180555555555555
0 0.57890625 0.8194444444444444 0.58828125 0.8277777777777777 0.59453125 0.8402777777777778 0.596875 0.8541666666666666 0.596875 0.8708333333333333 0.59453125 0.8819444444444444 0.58828125 0.8958333333333334 0.58125 0.9041666666666667 0.57421875 0.9069444444444444 0.5640625 0.9027777777777778 0.553125 0.8875 0.55 0.8763888888888889 0.54921875 0.8527777777777777 0.55234375 0.8375 0.559375 0.825 0.56640625 0.8194444444444444 0.578125 0.8194444444444444
0 0.578125 0.7152777777777778 0.5859375 0.7208333333333333 0.59296875 0.7333333333333333 0.59609375 0.7444444444444445 0.596875 0.7611111111111111 0.5921875 0.7833333333333333 0.5859375 0.7930555555555555 0.5765625 0.8 0.56640625 0.7986111111111112 0.55703125 0.7888888888888889 0.55 0.7708333333333334 0.54921875 0.7513888888888889 0.55 0.7430555555555556 0.55703125 0.7236111111111111 0.5671875 0.7152777777777778 0.57734375 0.7152777777777778
0 0.3234375 0.8166666666666667 0.334375 0.8236111111111111 0.34140625 0.8375 0.34296875 0.8652777777777778 0.33828125 0.8847222222222222 0.33203125 0.8944444444444445 0.32265625 0.9013888888888889 0.3171875 0.9013888888888889 0.30390625 0.8902777777777777 0.2984375 0.875 0.296875 0.8625 0.29765625 0.8458333333333333 0.303125 0.8277777777777777 0.3140625 0.8166666666666667 0.32265625 0.8166666666666667
0 0.521875 0.6166666666666667 0.53203125 0.6361111111111111 0.53359375 0.6611111111111111 0.53203125 0.6708333333333333 0.52578125 0.6861111111111111 0.51640625 0.6958333333333333 0.50703125 0.6958333333333333 0.4953125 0.6875 0.4875 0.6694444444444444 0.48671875 0.6430555555555556 0.49375 0.6222222222222222 0.5015625 0.6138888888888889 0.515625 0.6125 0.52109375 0.6166666666666667
0 0.45 0.7138888888888889 0.46171875 0.7222222222222222 0.46640625 0.7305555555555555 0.4703125 0.7458333333333333 0.4703125 0.7652777777777777 0.4671875 0.7777777777777778 0.4625 0.7875 0.4515625 0.7986111111111112 0.4421875 0.7986111111111112 0.434375 0.7930555555555555 0.42734375 0.7819444444444444 0.4234375 0.7652777777777777 0.4234375 0.7486111111111111 0.428125 0.7305555555555555 0.43359375 0.7208333333333333 0.43984375 0.7152777777777778 0.44921875 0.7138888888888889
1 0.39140625 0.8194444444444444 0.3984375 0.8263888888888888 0.40390625 0.8388888888888889 0.40625 0.8513888888888889 0.40625 0.8652777777777778 0.39921875 0.8902777777777777 0.3875 0.9027777777777778 0.375 0.9013888888888889 0.36484375 0.8888888888888888 0.359375 0.8694444444444445 0.359375 0.8513888888888889 0.36484375 0.8319444444444445 0.3734375 0.8208333333333333 0.378125 0.8180555555555555 0.390625 0.8194444444444444
1 0.51953125 0.7180555555555556 0.525 0.7236111111111111 0.53046875 0.7361111111111112 0.53359375 0.7583333333333333 0.53203125 0.7708333333333334 0.5265625 0.7861111111111111 0.52265625 0.7930555555555555 0.5125 0.8 0.50078125 0.7972222222222223 0.490625 0.7833333333333333 0.4875 0.775 0.4859375 0.7513888888888889 0.48828125 0.7375 0.496875 0.7208333333333333 0.50546875 0.7152777777777778 0.515625 0.7152777777777778 0.51875 0.7180555555555556
1 0.32734375 0.7138888888888889 0.33984375 0.7277777777777777 0.34375 0.7402777777777778 0.34453125 0.7527777777777778 0.34375 0.7652777777777777 0.3390625 0.7819444444444444 0.33125 0.7930555555555555 0.32265625 0.7972222222222223 0.3125 0.7944444444444444 0.303125 0.7833333333333333 0.29921875 0.7694444444444445 0.2984375 0.7472222222222222 0.3 0.7361111111111112 0.30703125 0.7222222222222222 0.31640625 0.7138888888888889 0.3265625 0.7138888888888889
1 0.453125 0.6125 0.4609375 0.6180555555555556 0.46640625 0.6277777777777778 0.4703125 0.6416666666666667 0.47109375 0.6541666666666667 0.46640625 0.6791666666666667 0.4609375 0.6888888888888889 0.45078125 0.6958333333333333 0.44296875 0.6958333333333333 0.43359375 0.6888888888888889 0.4265625 0.6736111111111112 0.42421875 0.6486111111111111 0.428125 0.6305555555555555 0.43515625 0.6180555555555556 0.44375 0.6125 0.45234375 0.6125
1 0.3953125 0.7180555555555556 0.4046875 0.7347222222222223 0.40703125 0.7472222222222222 0.40703125 0.7625 0.4046875 0.7736111111111111 0.396875 0.7902777777777777 0.384375 0.7986111111111112 0.37265625 0.7944444444444444 0.365625 0.7833333333333333 0.36171875 0.7680555555555556 0.3609375 0.7472222222222222 0.365625 0.7305555555555555 0.37578125 0.7166666666666667 0.3875 0.7138888888888889 0.39453125 0.7180555555555556
1 0.5125 0.5111111111111111 0.521875 0.5152777777777777 0.52734375 0.5222222222222223 0.5328125 0.5402777777777777 0.53359375 0.5569444444444445 0.53125 0.5708333333333333 0.525 0.5847222222222223 0.51875 0.5916666666666667 0.50859375 0.5944444444444444 0.4984375 0.5888888888888889 0.490625 0.5763888888888888 0.4875 0.5666666666666667 0.48671875 0.5513888888888889 0.48984375 0.5319444444444444 0.49609375 0.5194444444444445 0.5015625 0.5138888888888888 0.51171875 0.5111111111111111
1 0.6421875 0.8208333333333333 0.64765625 0.8236111111111111 0.6546875 0.8333333333333334 0.66015625 0.8513888888888889 0.6609375 0.8666666666666667 0.65546875 0.8888888888888888 0.64765625 0.9013888888888889 0.64140625 0.9055555555555556 0.6328125 0.9055555555555556 0.6234375 0.9 0.61640625 0.8875 0.6125 0.8652777777777778 0.6140625 0.8458333333333333 0.621875 0.8277777777777777 0.6296875 0.8208333333333333 0.64140625 0.8208333333333333