0 0.5671875 0.2902777777777778 0.5796875 0.29444444444444445 0.5875 0.30277777777777776 0.59609375 0.32083333333333336 0.5984375 0.3375 0.59765625 0.3611111111111111 0.59296875 0.37916666666666665 0.58515625 0.39166666666666666 0.56875 0.4027777777777778 0.55859375 0.4013888888888889 0.546875 0.3902777777777778 0.5390625 0.3763888888888889 0.53515625 0.3597222222222222 0.5359375 0.33194444444444443 0.54296875 0.30833333333333335 0.5546875 0.29444444444444445 0.56640625 0.2902777777777778
0 0.484375 0.8 0.5015625 0.8097222222222222 0.51171875 0.8333333333333334 0.51171875 0.8527777777777777 0.50859375 0.8680555555555556 0.4984375 0.8833333333333333 0.48828125 0.8902777777777777 0.47265625 0.8875 0.46171875 0.8763888888888889 0.45625 0.8638888888888889 0.4546875 0.85 0.45625 0.8263888888888888 0.4609375 0.8138888888888889 0.47109375 0.8027777777777778 0.48359375 0.8
0 0.56484375 0.8 0.57890625 0.8083333333333333 0.58515625 0.8194444444444444 0.58828125 0.8305555555555556 0.5890625 0.8472222222222222 0.584375 0.8680555555555556 0.578125 0.8805555555555555 0.5625 0.8902777777777777 0.55234375 0.8888888888888888 0.5390625 0.8777777777777778 0.5328125 0.8625 0.53125 0.8472222222222222 0.534375 0.8263888888888888 0.540625 0.8125 0.553125 0.8013888888888889 0.5640625 0.8
0 0.64140625 0.8 0.64765625 0.8013888888888889 0.66171875 0.8180555555555555 0.665625 0.8319444444444445 0.665625 0.8486111111111111 0.6609375 0.8694444444444445 0.65703125 0.8763888888888889 0.64609375 0.8875 0.6390625 0.8902777777777777 0.62734375 0.8875 0.615625 0.8763888888888889 0.61015625 0.8625 0.609375 0.8375 0.6125 0.8236111111111111 0.61875 0.8111111111111111 0.6296875 0.8013888888888889 0.640625 0.8
0 0.56953125 0.5583333333333333 0.58125 0.5652777777777778 0.58828125 0.5777777777777777 0.59375 0.5986111111111111 0.59375 0.6138888888888889 0.58984375 0.6319444444444444 0.58203125 0.6472222222222223 0.56953125 0.6569444444444444 0.55625 0.6569444444444444 0.54375 0.6472222222222223 0.53671875 0.6333333333333333 0.53359375 0.6152777777777778 0.53515625 0.5902777777777778 0.54296875 0.5708333333333333 0.55703125 0.5583333333333333 0.56875 0.5583333333333333
0 0.4953125 0.43333333333333335 0.50546875 0.44583333333333336 0.51015625 0.45694444444444443 0.5125 0.46944444444444444 0.5125 0.4888888888888889 0.509375 0.5083333333333333 0.4984375 0.5263888888888889 0.4890625 0.5319444444444444 0.4734375 0.5319444444444444 0.46171875 0.5222222222222223 0.45625 0.5125 0.453125 0.5013888888888889 0.4515625 0.46805555555555556 0.45625 0.44722222222222224 0.46796875 0.43194444444444446 0.48359375 0.42777777777777776 0.49453125 0.43333333333333335
0 0.65234375 0.5583333333333333 0.6609375 0.5638888888888889 0.6703125 0.5791666666666667 0.67421875 0.5958333333333333 0.67421875 0.6125 0.671875 0.6263888888888889 0.6625 0.6472222222222223 0.65546875 0.6541666666666667 0.64375 0.6583333333333333 0.62734375 0.6513888888888889 0.61875 0.6388888888888888 0.61484375 0.625 0.6140625 0.6041666666666666 0.6171875 0.5888888888888889 0.62734375 0.5680555555555555 0.63984375 0.5583333333333333 0.6515625 0.5583333333333333
0 0.403125 0.5583333333333333 0.4109375 0.5611111111111111 0.41953125 0.5694444444444444 0.428125 0.5861111111111111 0.43125 0.6013888888888889 0.43046875 0.6222222222222222 0.42578125 0.6402777777777777 0.41953125 0.65 0.40546875 0.6583333333333333 0.39453125 0.6569444444444444 0.38515625 0.6513888888888889 0.3765625 0.6388888888888888 0.371875 0.6180555555555556 0.371875 0.5944444444444444 0.37578125 0.5777777777777777 0.38671875 0.5625 0.39375 0.5583333333333333 0.40234375 0.5583333333333333
0 0.4875 0.6819444444444445 0.503125 0.6944444444444444 0.51171875 0.7138888888888889 0.5125 0.7222222222222222 0.51171875 0.7430555555555556 0.50859375 0.7555555555555555 0.4984375 0.7708333333333334 0.48828125 0.7777777777777778 0.47421875 0.7763888888888889 0.46171875 0.7652777777777777 0.45625 0.7541666666666667 0.453125 0.7347222222222223 0.45546875 0.7097222222222223 0.46171875 0.6944444444444444 0.4734375 0.6833333333333333 0.48671875 0.6819444444444445
1 0.64375 0.6819444444444445 0.6546875 0.6861111111111111 0.665625 0.7013888888888888 0.66875 0.7138888888888889 0.66953125 0.7277777777777777 0.66484375 0.7541666666666667 0.65078125 0.7722222222222223 0.6390625 0.7763888888888889 0.62265625 0.7680555555555556 0.6140625 0.7513888888888889 0.61171875 0.7416666666666667 0.61171875 0.7236111111111111 0.615625 0.7055555555555556 0.62265625 0.6930555555555555 0.6296875 0.6861111111111111 0.64296875 0.6833333333333333
1 0.5671875 0.42777777777777776 0.584375 0.4375 0.5921875 0.4527777777777778 0.5953125 0.4666666666666667 0.5953125 0.49027777777777776 0.5921875 0.5055555555555555 0.58359375 0.5222222222222223 0.57109375 0.5319444444444444 0.5578125 0.5319444444444444 0.5453125 0.5222222222222223 0.53828125 0.5097222222222222 0.534375 0.4888888888888889 0.53515625 0.4666666666666667 0.54140625 0.44583333333333336 0.54921875 0.43472222222222223 0.56640625 0.42777777777777776
1 0.48359375 0.5583333333333333 0.4953125 0.5625 0.50234375 0.5708333333333333 0.50859375 0.5833333333333334 0.5125 0.6055555555555555 0.5109375 0.625 0.50703125 0.6375 0.49921875 0.65 0.48828125 0.6569444444444444 0.47421875 0.6555555555555556 0.4625 0.6458333333333334 0.45625 0.6361111111111111 0.45234375 0.6125 0.453125 0.5930555555555556 0.459375 0.5736111111111111 0.4703125 0.5611111111111111 0.4828125 0.5583333333333333
1 0.57578125 0.6875 0.58125 0.6930555555555555 0.5890625 0.7097222222222223 0.590625 0.7388888888888889 0.58046875 0.7652777777777777 0.56484375 0.7763888888888889 0.55390625 0.775 0.5421875 0.7652777777777777 0.5359375 0.7541666666666667 0.53359375 0.7444444444444445 0.5328125 0.7208333333333333 0.5375 0.7027777777777777 0.5484375 0.6875 0.55625 0.6833333333333333 0.56796875 0.6833333333333333 0.575 0.6875
1 0.4125 0.6861111111111111 0.4265625 0.7027777777777777 0.4328125 0.725 0.4328125 0.7375 0.4296875 0.7527777777777778 0.4234375 0.7652777777777777 0.409375 0.7763888888888889 0.396875 0.775 0.38671875 0.7666666666666667 0.3765625 0.7458333333333333 0.37421875 0.7263888888888889 0.378125 0.7013888888888888 0.3859375 0.6888888888888889 0.3953125 0.6833333333333333 0.40859375 0.6833333333333333 0.41171875 0.6861111111111111
1 0.3390625 0.8055555555555556 0.34921875 0.8180555555555555 0.35390625 0.8291666666666667 0.35625 0.8388888888888889 0.35703125 0.8555555555555555 0.35 0.8763888888888889 0.3359375 0.8888888888888888 0.32265625 0.8875 0.31015625 0.8763888888888889 0.303125 0.8625 0.3 0.8361111111111111 0.30390625 0.8180555555555555 0.31328125 0.8055555555555556 0.32421875 0.8013888888888889 0.33828125 0.8055555555555556
1 0.72734375 0.8027777777777778 0.73984375 0.8194444444444444 0.7421875 0.8305555555555556 0.74140625 0.85 0.73828125 0.8638888888888889 0.73125 0.8777777777777778 0.71875 0.8875 0.70625 0.8875 0.69453125 0.8791666666666667 0.6875 0.8638888888888889 0.68671875 0.8416666666666667 0.6890625 0.8263888888888888 0.69921875 0.8083333333333333 0.71484375 0.8 0.7265625 0.8027777777777778
1 0.41015625 0.8013888888888889 0.425 0.8138888888888889 0.43046875 0.825 0.434375 0.8430555555555556 0.43359375 0.8583333333333333 0.43046875 0.8694444444444445 0.421875 0.8833333333333333 0.4109375 0.8902777777777777 0.403125 0.8902777777777777 0.3890625 0.8805555555555555 0.38125 0.8666666666666667 0.378125 0.8541666666666666 0.3796875 0.825 0.38671875 0.8097222222222222 0.3953125 0.8027777777777778 0.409375 0.8013888888888889