0 0.4421875 0.7208333333333333 0.4546875 0.7319444444444444 0.4578125 0.7375 0.4609375 0.7527777777777778 0.4609375 0.7666666666666667 0.45703125 0.7819444444444444 0.45234375 0.7902777777777777 0.44453125 0.7958333333333333 0.434375 0.7958333333333333 0.42734375 0.7916666666666666 0.41953125 0.7791666666666667 0.41640625 0.7652777777777777 0.41640625 0.7472222222222222 0.42109375 0.7319444444444444 0.43203125 0.7208333333333333 0.44140625 0.7208333333333333
0 0.55 0.21944444444444444 0.5578125 0.22361111111111112 0.5671875 0.2388888888888889 0.5703125 0.25 0.5703125 0.26944444444444443 0.5671875 0.2861111111111111 0.56171875 0.29583333333333334 0.5484375 0.3055555555555556 0.53828125 0.30277777777777776 0.52890625 0.2902777777777778 0.52421875 0.2722222222222222 0.52421875 0.2513888888888889 0.52890625 0.23472222222222222 0.534375 0.2263888888888889 0.54140625 0.22083333333333333 0.54921875 0.21944444444444444
0 0.62265625 0.7083333333333334 0.6296875 0.7138888888888889 0.6359375 0.7236111111111111 0.6390625 0.7375 0.6390625 0.75 0.63359375 0.7722222222222223 0.621875 0.7847222222222222 0.6125 0.7847222222222222 0.603125 0.7777777777777778 0.59609375 0.7652777777777777 0.59453125 0.7513888888888889 0.5953125 0.7333333333333333 0.6015625 0.7180555555555556 0.61171875 0.7083333333333334 0.621875 0.7083333333333334
0 0.56953125 0.7180555555555556 0.57578125 0.7277777777777777 0.57890625 0.7375 0.57890625 0.7625 0.57265625 0.7791666666666667 0.5625 0.7888888888888889 0.55 0.7875 0.54140625 0.7791666666666667 0.5359375 0.7652777777777777 0.534375 0.7472222222222222 0.5390625 0.7277777777777777 0.5484375 0.7152777777777778 0.5609375 0.7125 0.56875 0.7180555555555556
0 0.6171875 0.6111111111111112 0.6296875 0.6194444444444445 0.634375 0.6277777777777778 0.6375 0.6402777777777777 0.6375 0.6611111111111111 0.634375 0.675 0.628125 0.6847222222222222 0.61796875 0.6916666666666667 0.609375 0.6902777777777778 0.6015625 0.6833333333333333 0.5953125 0.6736111111111112 0.5921875 0.6597222222222222 0.5921875 0.6444444444444445 0.5953125 0.6305555555555555 0.60546875 0.6152777777777778 0.61640625 0.6111111111111112
0 0.4390625 0.625 0.44921875 0.6319444444444444 0.45625 0.6458333333333334 0.45859375 0.6569444444444444 0.45859375 0.6736111111111112 0.45625 0.6861111111111111 0.45 0.6972222222222222 0.43671875 0.7055555555555556 0.42890625 0.7027777777777777 0.41640625 0.6875 0.41328125 0.6722222222222223 0.41328125 0.6513888888888889 0.41640625 0.6402777777777777 0.42265625 0.6305555555555555 0.43125 0.625 0.43828125 0.625
0 0.4953125 0.4263888888888889 0.50234375 0.4305555555555556 0.50859375 0.4388888888888889 0.5140625 0.45555555555555555 0.5140625 0.4736111111111111 0.509375 0.4930555555555556 0.5046875 0.5013888888888889 0.49609375 0.5083333333333333 0.48671875 0.5083333333333333 0.47890625 0.5027777777777778 0.4703125 0.49027777777777776 0.4671875 0.47638888888888886 0.4671875 0.45694444444444443 0.4703125 0.44305555555555554 0.4796875 0.42916666666666664 0.49453125 0.4263888888888889
0 0.49921875 0.6208333333333333 0.51015625 0.6291666666666667 0.515625 0.6388888888888888 0.51875 0.6527777777777778 0.51875 0.6680555555555555 0.515625 0.6819444444444445 0.50703125 0.6958333333333333 0.5 0.7 0.49296875 0.7 0.48125 0.6916666666666667 0.4734375 0.675 0.471875 0.6597222222222222 0.4734375 0.6416666666666667 0.47734375 0.6333333333333333 0.4875 0.6222222222222222 0.4984375 0.6208333333333333
0 0.56171875 0.5222222222222223 0.57421875 0.5388888888888889 0.5765625 0.55 0.5765625 0.5680555555555555 0.57421875 0.5791666666666667 0.5671875 0.5944444444444444 0.55703125 0.6013888888888889 0.54609375 0.5986111111111111 0.5375 0.5902777777777778 0.53125 0.575 0.53046875 0.55 0.5328125 0.5388888888888889 0.54140625 0.525 0.55078125 0.5194444444444445 0.5609375 0.5222222222222223
0 0.6796875 0.6083333333333333 0.68828125 0.6138888888888889 0.69453125 0.625 0.69765625 0.6361111111111111 0.69765625 0.6513888888888889 0.69453125 0.6680555555555555 0.68828125 0.6791666666666667 0.6796875 0.6861111111111111 0.671875 0.6861111111111111 0.6640625 0.6819444444444445 0.65703125 0.6736111111111112 0.653125 0.6583333333333333 0.653125 0.6416666666666667 0.65625 0.6263888888888889 0.6671875 0.6111111111111112 0.67890625 0.6083333333333333
1 0.56171875 0.6180555555555556 0.5703125 0.6263888888888889 0.57578125 0.6361111111111111 0.57890625 0.6486111111111111 0.57890625 0.6625 0.5765625 0.6736111111111112 0.57109375 0.6861111111111111 0.56171875 0.6958333333333333 0.55 0.6958333333333333 0.5421875 0.6902777777777778 0.5359375 0.6791666666666667 0.53203125 0.6625 0.53203125 0.6458333333333334 0.53515625 0.6347222222222222 0.540625 0.625 0.54921875 0.6180555555555556 0.5609375 0.6180555555555556
1 0.55546875 0.4222222222222222 0.5640625 0.42777777777777776 0.571875 0.44027777777777777 0.575 0.45555555555555555 0.575 0.46944444444444444 0.57109375 0.4861111111111111 0.565625 0.49583333333333335 0.553125 0.5041666666666667 0.54375 0.5013888888888889 0.53203125 0.4861111111111111 0.52890625 0.475 0.528125 0.45416666666666666 0.53125 0.4388888888888889 0.53828125 0.42777777777777776 0.54765625 0.4222222222222222 0.5546875 0.4222222222222222
1 0.61796875 0.5152777777777777 0.62734375 0.5222222222222223 0.63359375 0.5333333333333333 0.63671875 0.5458333333333333 0.63671875 0.5652777777777778 0.634375 0.575 0.62734375 0.5888888888888889 0.615625 0.5972222222222222 0.60546875 0.5944444444444444 0.59453125 0.5805555555555556 0.590625 0.5652777777777778 0.590625 0.5472222222222223 0.5984375 0.525 0.6078125 0.5166666666666667 0.6171875 0.5152777777777777
1 0.684375 0.41805555555555557 0.69296875 0.43194444444444446 0.69609375 0.44583333333333336 0.69609375 0.4583333333333333 0.69296875 0.4736111111111111 0.68828125 0.48333333333333334 0.675 0.49444444444444446 0.6640625 0.49166666666666664 0.65390625 0.4791666666666667 0.65078125 0.4638888888888889 0.65078125 0.44722222222222224 0.65390625 0.43194444444444446 0.66015625 0.42083333333333334 0.66953125 0.41388888888888886 0.678125 0.41388888888888886 0.68359375 0.41805555555555557
1 0.43984375 0.5305555555555556 0.44609375 0.5361111111111111 0.45234375 0.5472222222222223 0.45546875 0.5597222222222222 0.45625 0.5763888888888888 0.4515625 0.5944444444444444 0.44453125 0.6055555555555555 0.43828125 0.6097222222222223 0.43046875 0.6097222222222223 0.41796875 0.6 0.4109375 0.5847222222222223 0.409375 0.5583333333333333 0.41328125 0.5430555555555555 0.41875 0.5347222222222222 0.4265625 0.5291666666666667 0.4390625 0.5305555555555556
1 0.55390625 0.32222222222222224 0.5609375 0.3263888888888889 0.56796875 0.3375 0.57265625 0.3541666666666667 0.57265625 0.36944444444444446 0.56796875 0.3902777777777778 0.56015625 0.4013888888888889 0.55234375 0.40555555555555556 0.5421875 0.4041666666666667 0.53515625 0.3972222222222222 0.5296875 0.3875 0.5265625 0.3763888888888889 0.52578125 0.35833333333333334 0.52890625 0.3402777777777778 0.534375 0.33055555555555555 0.54453125 0.32222222222222224 0.553125 0.32222222222222224
1 0.49765625 0.525 0.50703125 0.5319444444444444 0.5125 0.5416666666666666 0.51640625 0.5625 0.515625 0.575 0.51171875 0.5902777777777778 0.50546875 0.6 0.49765625 0.6055555555555555 0.48984375 0.6055555555555555 0.4828125 0.6013888888888889 0.47265625 0.5861111111111111 0.46953125 0.5736111111111111 0.46953125 0.5569444444444445 0.475 0.5375 0.48671875 0.525 0.496875 0.525
1 0.68203125 0.7055555555555556 0.690625 0.7125 0.69609375 0.7222222222222222 0.6984375 0.7333333333333333 0.6984375 0.7458333333333333 0.69453125 0.7638888888888888 0.68203125 0.7805555555555556 0.67109375 0.7805555555555556 0.66484375 0.7763888888888889 0.65703125 0.7638888888888888 0.65390625 0.7513888888888889 0.65390625 0.7361111111111112 0.66171875 0.7152777777777778 0.67265625 0.7055555555555556 0.68125 0.7055555555555556
1 0.678125 0.5125 0.68828125 0.5194444444444445 0.69453125 0.5319444444444444 0.696875 0.5444444444444444 0.69609375 0.5597222222222222 0.6921875 0.575 0.6859375 0.5847222222222223 0.67890625 0.5902777777777778 0.6671875 0.5902777777777778 0.66171875 0.5861111111111111 0.65390625 0.5736111111111111 0.6515625 0.5555555555555556 0.65390625 0.5333333333333333 0.66015625 0.5208333333333334 0.66796875 0.5138888888888888 0.67734375 0.5125
1 0.5 0.7166666666666667 0.50625 0.7194444444444444 0.515625 0.7305555555555555 0.5203125 0.7486111111111111 0.5203125 0.7611111111111111 0.51640625 0.7777777777777778 0.509375 0.7888888888888889 0.503125 0.7930555555555555 0.49375 0.7930555555555555 0.484375 0.7861111111111111 0.4765625 0.7708333333333334 0.475 0.7569444444444444 0.4765625 0.7402777777777778 0.48046875 0.7291666666666666 0.48671875 0.7208333333333333 0.49921875 0.7166666666666667