0 0.453125 0.8236111111111111 0.4625 0.8305555555555556 0.46875 0.8416666666666667 0.471875 0.8555555555555555 0.47109375 0.875 0.46875 0.8833333333333333 0.4609375 0.8958333333333334 0.453125 0.9013888888888889 0.44375 0.9013888888888889 0.43125 0.8902777777777777 0.428125 0.8847222222222222 0.42421875 0.8680555555555556 0.4265625 0.8458333333333333 0.4328125 0.8305555555555556 0.4421875 0.8236111111111111 0.45234375 0.8236111111111111
0 0.4546875 0.6236111111111111 0.46328125 0.6319444444444444 0.46875 0.6430555555555556 0.47109375 0.6513888888888889 0.47109375 0.6708333333333333 0.46640625 0.6902777777777778 0.4515625 0.7041666666666667 0.43984375 0.7027777777777777 0.43125 0.6958333333333333 0.42734375 0.6888888888888889 0.4234375 0.6722222222222223 0.4234375 0.6527777777777778 0.42734375 0.6388888888888888 0.434375 0.6263888888888889 0.44140625 0.6222222222222222 0.45390625 0.6236111111111111
0 0.590625 0.6291666666666667 0.6 0.6458333333333334 0.6015625 0.6763888888888889 0.59921875 0.6861111111111111 0.59296875 0.6972222222222222 0.5828125 0.7055555555555556 0.56875 0.7041666666666667 0.55625 0.6875 0.553125 0.6680555555555555 0.55390625 0.6527777777777778 0.559375 0.6361111111111111 0.56953125 0.6263888888888889 0.58046875 0.6236111111111111 0.58984375 0.6291666666666667
0 0.51796875 0.3013888888888889 0.53046875 0.3111111111111111 0.53671875 0.3236111111111111 0.5390625 0.3347222222222222 0.5390625 0.35555555555555557 0.53671875 0.3680555555555556 0.52890625 0.3819444444444444 0.51875 0.3902777777777778 0.5109375 0.3902777777777778 0.50078125 0.38472222222222224 0.49375 0.3736111111111111 0.48828125 0.3527777777777778 0.48828125 0.3388888888888889 0.49375 0.31805555555555554 0.50546875 0.30277777777777776 0.5171875 0.3013888888888889
0 0.515625 0.725 0.525 0.7305555555555555 0.53046875 0.7388888888888889 0.53671875 0.7638888888888888 0.534375 0.7805555555555556 0.5296875 0.7916666666666666 0.52265625 0.8013888888888889 0.515625 0.8055555555555556 0.50546875 0.8041666666666667 0.49765625 0.7986111111111112 0.490625 0.7861111111111111 0.4875 0.7722222222222223 0.48828125 0.7513888888888889 0.496875 0.7319444444444444 0.50234375 0.7263888888888889 0.51484375 0.725
0 0.4484375 0.4097222222222222 0.45703125 0.41388888888888886 0.46328125 0.42083333333333334 0.4671875 0.42777777777777776 0.47109375 0.44305555555555554 0.47109375 0.46111111111111114 0.46796875 0.4777777777777778 0.459375 0.49166666666666664 0.45 0.49722222222222223 0.4421875 0.49722222222222223 0.43046875 0.4875 0.425 0.47638888888888886 0.42109375 0.4597222222222222 0.421875 0.44305555555555554 0.4265625 0.4263888888888889 0.43515625 0.41388888888888886 0.44765625 0.4097222222222222
0 0.64765625 0.625 0.65546875 0.6291666666666667 0.6625 0.6388888888888888 0.66640625 0.6513888888888889 0.6671875 0.6652777777777777 0.66328125 0.6875 0.65546875 0.7 0.6453125 0.7069444444444445 0.6375 0.7069444444444445 0.625 0.6958333333333333 0.61953125 0.6805555555555556 0.61875 0.6611111111111111 0.62578125 0.6361111111111111 0.63671875 0.6263888888888889 0.646875 0.625
0 0.4578125 0.7277777777777777 0.46328125 0.7333333333333333 0.46953125 0.7458333333333333 0.47109375 0.7527777777777778 0.47109375 0.775 0.4703125 0.7819444444444444 0.46484375 0.7930555555555555 0.45625 0.8013888888888889 0.44921875 0.8041666666666667 0.4390625 0.8013888888888889 0.42734375 0.7861111111111111 0.4234375 0.7666666666666667 0.42421875 0.7527777777777778 0.42734375 0.7402777777777778 0.4375 0.7263888888888889 0.45 0.7236111111111111 0.45703125 0.7277777777777777
0 0.590625 0.8333333333333334 0.59609375 0.8430555555555556 0.5984375 0.8541666666666666 0.59765625 0.875 0.58984375 0.8944444444444445 0.5765625 0.9041666666666667 0.565625 0.9013888888888889 0.55546875 0.8875 0.55234375 0.8763888888888889 0.55234375 0.8527777777777777 0.559375 0.8347222222222223 0.56796875 0.8277777777777777 0.58125 0.8263888888888888 0.58984375 0.8333333333333334
0 0.6421875 0.8263888888888888 0.65078125 0.8305555555555556 0.65625 0.8375 0.66015625 0.8444444444444444 0.6625 0.8555555555555555 0.6625 0.8708333333333333 0.6578125 0.8888888888888888 0.65 0.9 0.64375 0.9041666666666667 0.6328125 0.9041666666666667 0.625 0.8986111111111111 0.61953125 0.8902777777777777 0.61484375 0.8722222222222222 0.61484375 0.8597222222222223 0.62265625 0.8375 0.62890625 0.8305555555555556 0.64140625 0.8263888888888888
1 0.52421875 0.4152777777777778 0.53125 0.4236111111111111 0.5359375 0.43472222222222223 0.53828125 0.4486111111111111 0.53828125 0.4652777777777778 0.5359375 0.475 0.528125 0.49027777777777776 0.5171875 0.4986111111111111 0.5046875 0.49583333333333335 0.49375 0.48194444444444445 0.48984375 0.46944444444444444 0.48828125 0.44583333333333336 0.49375 0.4263888888888889 0.50390625 0.41388888888888886 0.5203125 0.4125 0.5234375 0.4152777777777778
1 0.521875 0.5208333333333334 0.52734375 0.5263888888888889 0.5359375 0.5444444444444444 0.5375 0.5694444444444444 0.5359375 0.5777777777777777 0.5296875 0.5916666666666667 0.5171875 0.6027777777777777 0.50625 0.6013888888888889 0.496875 0.5930555555555556 0.48984375 0.5763888888888888 0.48828125 0.5513888888888889 0.4921875 0.5361111111111111 0.50078125 0.5222222222222223 0.50703125 0.5194444444444445 0.52109375 0.5208333333333334
1 0.45234375 0.3013888888888889 0.46171875 0.30972222222222223 0.46875 0.3236111111111111 0.47109375 0.3347222222222222 0.47109375 0.3541666666666667 0.46796875 0.36944444444444446 0.4609375 0.3819444444444444 0.45078125 0.3888888888888889 0.44140625 0.3888888888888889 0.4296875 0.37916666666666665 0.421875 0.3597222222222222 0.42109375 0.3388888888888889 0.42421875 0.32222222222222224 0.43203125 0.30694444444444446 0.43984375 0.3013888888888889 0.4515625 0.3013888888888889
1 0.5875 0.5208333333333334 0.6 0.5375 0.603125 0.5527777777777778 0.603125 0.5694444444444444 0.6 0.5847222222222223 0.59375 0.5958333333333333 0.58515625 0.6027777777777777 0.57265625 0.6027777777777777 0.56640625 0.5986111111111111 0.55703125 0.5833333333333334 0.55390625 0.5611111111111111 0.55703125 0.5402777777777777 0.565625 0.525 0.57734375 0.5194444444444445 0.58671875 0.5208333333333334
1 0.4578125 0.5222222222222223 0.46796875 0.5388888888888889 0.47109375 0.55 0.47109375 0.5694444444444444 0.46875 0.5805555555555556 0.4625 0.5930555555555556 0.45078125 0.6013888888888889 0.44140625 0.6 0.43125 0.5916666666666667 0.42421875 0.575 0.42265625 0.5513888888888889 0.428125 0.5305555555555556 0.43515625 0.5208333333333334 0.4515625 0.5180555555555556 0.45703125 0.5222222222222223
1 0.5828125 0.7277777777777777 0.58828125 0.7305555555555555 0.59609375 0.7416666666666667 0.6 0.7597222222222222 0.59921875 0.775 0.5953125 0.7888888888888889 0.58828125 0.8 0.5828125 0.8041666666666667 0.5703125 0.8041666666666667 0.56328125 0.7986111111111112 0.5546875 0.7833333333333333 0.55234375 0.7666666666666667 0.553125 0.7555555555555555 0.5609375 0.7361111111111112 0.57109375 0.7277777777777777 0.58203125 0.7277777777777777
1 0.5140625 0.825 0.51953125 0.8263888888888888 0.5265625 0.8333333333333334 0.53203125 0.8444444444444444 0.53515625 0.8597222222222223 0.53515625 0.8680555555555556 0.5296875 0.8888888888888888 0.525 0.8958333333333334 0.5140625 0.9027777777777778 0.5015625 0.8986111111111111 0.49453125 0.8902777777777777 0.48984375 0.8777777777777778 0.4875 0.8625 0.490625 0.8444444444444444 0.496875 0.8319444444444445 0.503125 0.8263888888888888 0.51328125 0.825
1 0.64921875 0.7291666666666666 0.6609375 0.7430555555555556 0.66484375 0.7597222222222222 0.6640625 0.775 0.66171875 0.7861111111111111 0.6546875 0.7986111111111112 0.640625 0.8069444444444445 0.6265625 0.8 0.62109375 0.7902777777777777 0.6171875 0.7763888888888889 0.6171875 0.7611111111111111 0.62265625 0.7416666666666667 0.6296875 0.7319444444444444 0.6375 0.7277777777777777 0.6484375 0.7291666666666666
1 0.51953125 0.625 0.52734375 0.6319444444444444 0.53359375 0.6430555555555556 0.53671875 0.6569444444444444 0.53671875 0.6722222222222223 0.5328125 0.6875 0.51875 0.7041666666666667 0.5078125 0.7041666666666667 0.496875 0.6958333333333333 0.490625 0.6833333333333333 0.48828125 0.6694444444444444 0.48828125 0.6527777777777778 0.496875 0.6319444444444444 0.5078125 0.6236111111111111 0.51875 0.625