0 0.43515625 0.8444444444444444 0.45078125 0.8555555555555555 0.45625 0.8652777777777778 0.459375 0.8805555555555555 0.459375 0.8986111111111111 0.45625 0.9111111111111111 0.45 0.9222222222222223 0.4390625 0.9319444444444445 0.428125 0.9319444444444445 0.4140625 0.9194444444444444 0.40859375 0.9069444444444444 0.40546875 0.8902777777777777 0.40625 0.8708333333333333 0.4140625 0.8541666666666666 0.42265625 0.8458333333333333 0.434375 0.8444444444444444
0 0.51640625 0.22777777777777777 0.525 0.23472222222222222 0.534375 0.25277777777777777 0.5375 0.2652777777777778 0.53828125 0.2861111111111111 0.53359375 0.30972222222222223 0.5234375 0.3277777777777778 0.51484375 0.3347222222222222 0.5015625 0.3347222222222222 0.48828125 0.3236111111111111 0.48203125 0.3125 0.47890625 0.3013888888888889 0.4765625 0.28888888888888886 0.4765625 0.27361111111111114 0.48046875 0.25416666666666665 0.49140625 0.23333333333333334 0.5015625 0.2263888888888889 0.515625 0.22777777777777777
0 0.58671875 0.8486111111111111 0.59765625 0.8555555555555555 0.60546875 0.8666666666666667 0.60859375 0.8791666666666667 0.60859375 0.8972222222222223 0.603125 0.9180555555555555 0.59609375 0.9291666666666667 0.58125 0.9375 0.57109375 0.9347222222222222 0.5640625 0.9277777777777778 0.5546875 0.9083333333333333 0.553125 0.8902777777777777 0.55625 0.8722222222222222 0.5640625 0.8583333333333333 0.57265625 0.85 0.5859375 0.8486111111111111
0 0.4359375 0.6125 0.44609375 0.6194444444444445 0.4546875 0.6347222222222222 0.45859375 0.65 0.4578125 0.6722222222222223 0.45390625 0.6875 0.44609375 0.7 0.43671875 0.7069444444444445 0.4265625 0.7069444444444445 0.4171875 0.7013888888888888 0.40703125 0.6861111111111111 0.40234375 0.6708333333333333 0.40234375 0.6458333333333334 0.40625 0.6305555555555555 0.41796875 0.6138888888888889 0.43515625 0.6125
0 0.51328125 0.7333333333333333 0.52421875 0.7402777777777778 0.5296875 0.75 0.534375 0.7638888888888888 0.53515625 0.7833333333333333 0.53203125 0.7986111111111112 0.5234375 0.8152777777777778 0.51015625 0.8236111111111111 0.49921875 0.8222222222222222 0.48828125 0.8125 0.48203125 0.8 0.478125 0.7763888888888889 0.48125 0.7569444444444444 0.48828125 0.7430555555555556 0.49921875 0.7333333333333333 0.5125 0.7333333333333333
0 0.590625 0.7347222222222223 0.60078125 0.7416666666666667 0.60703125 0.7513888888888889 0.6109375 0.7638888888888888 0.6109375 0.7847222222222222 0.60546875 0.8069444444444445 0.59765625 0.8194444444444444 0.5890625 0.825 0.571875 0.8222222222222222 0.56015625 0.8083333333333333 0.55546875 0.7930555555555555 0.5546875 0.7722222222222223 0.55703125 0.7583333333333333 0.5671875 0.7402777777777778 0.58046875 0.7333333333333333 0.58984375 0.7347222222222223
1 0.5203125 0.36666666666666664 0.525 0.37083333333333335 0.534375 0.3888888888888889 0.53671875 0.39861111111111114 0.5375 0.4166666666666667 0.53515625 0.43194444444444446 0.5296875 0.44722222222222224 0.5234375 0.45694444444444443 0.5125 0.4638888888888889 0.49921875 0.4625 0.4875 0.4527777777777778 0.48046875 0.4388888888888889 0.478125 0.425 0.478125 0.4027777777777778 0.484375 0.37916666666666665 0.4984375 0.3625 0.51015625 0.3611111111111111 0.51953125 0.36666666666666664
1 0.5140625 0.8486111111111111 0.521875 0.8541666666666666 0.52890625 0.8652777777777778 0.5328125 0.8777777777777778 0.53359375 0.8972222222222223 0.5296875 0.9138888888888889 0.52265625 0.9263888888888889 0.5125 0.9333333333333333 0.4984375 0.9319444444444445 0.4875 0.9208333333333333 0.48046875 0.9027777777777778 0.4796875 0.8791666666666667 0.4828125 0.8680555555555556 0.49140625 0.8541666666666666 0.50234375 0.8472222222222222 0.51328125 0.8486111111111111
1 0.5125 0.49027777777777776 0.5234375 0.49722222222222223 0.53203125 0.5125 0.5359375 0.5263888888888889 0.5359375 0.55 0.53359375 0.5611111111111111 0.52578125 0.5777777777777777 0.51953125 0.5847222222222223 0.509375 0.5888888888888889 0.4953125 0.5847222222222223 0.48359375 0.5694444444444444 0.47890625 0.5513888888888889 0.478125 0.5319444444444444 0.48046875 0.5180555555555556 0.4890625 0.5 0.5015625 0.49027777777777776 0.51171875 0.49027777777777776
1 0.509375 0.6138888888888889 0.51953125 0.6180555555555556 0.52578125 0.625 0.53203125 0.6375 0.5359375 0.6513888888888889 0.534375 0.675 0.5296875 0.6902777777777778 0.52265625 0.7013888888888888 0.5109375 0.7083333333333334 0.5 0.7069444444444445 0.4875 0.6958333333333333 0.4828125 0.6875 0.47890625 0.6694444444444444 0.4796875 0.6444444444444445 0.48671875 0.6263888888888889 0.49765625 0.6152777777777778 0.50859375 0.6138888888888889
1 0.43515625 0.7319444444444444 0.4484375 0.7416666666666667 0.4546875 0.7527777777777778 0.45859375 0.7680555555555556 0.45859375 0.7833333333333333 0.45625 0.7972222222222223 0.44609375 0.8152777777777778 0.4375 0.8208333333333333 0.4265625 0.8208333333333333 0.41640625 0.8138888888888889 0.41015625 0.8041666666666667 0.40390625 0.7819444444444444 0.40390625 0.7638888888888888 0.40625 0.7527777777777778 0.4109375 0.7430555555555556 0.42109375 0.7333333333333333 0.434375 0.7319444444444444