0 0.59296875 0.4305555555555556 0.59765625 0.43472222222222223 0.6046875 0.45 0.60703125 0.4597222222222222 0.6078125 0.47638888888888886 0.60546875 0.4930555555555556 0.60234375 0.5013888888888889 0.59609375 0.5125 0.58828125 0.5180555555555556 0.57421875 0.5166666666666667 0.56328125 0.5055555555555555 0.55625 0.48333333333333334 0.55625 0.4625 0.559375 0.44722222222222224 0.5671875 0.43333333333333335 0.578125 0.4263888888888889 0.58515625 0.4263888888888889 0.5921875 0.4305555555555556
0 0.52265625 0.6541666666666667 0.53125 0.6611111111111111 0.53828125 0.6736111111111112 0.5421875 0.6888888888888889 0.5421875 0.7069444444444445 0.5375 0.7277777777777777 0.53203125 0.7375 0.5203125 0.7458333333333333 0.5078125 0.7430555555555556 0.49765625 0.7319444444444444 0.49140625 0.7097222222222223 0.49140625 0.6902777777777778 0.49453125 0.6763888888888889 0.503125 0.6611111111111111 0.51328125 0.6541666666666667 0.521875 0.6541666666666667
0 0.59375 0.7611111111111111 0.60390625 0.7694444444444445 0.609375 0.7805555555555556 0.6125 0.7930555555555555 0.6125 0.8111111111111111 0.60859375 0.8277777777777777 0.6015625 0.8416666666666667 0.58828125 0.85 0.57421875 0.8444444444444444 0.5671875 0.8347222222222223 0.5625 0.8194444444444444 0.56171875 0.7986111111111112 0.56328125 0.7875 0.57265625 0.7680555555555556 0.5828125 0.7611111111111111 0.59296875 0.7611111111111111
0 0.6640625 0.8666666666666667 0.671875 0.8722222222222222 0.678125 0.8833333333333333 0.68125 0.8958333333333334 0.68125 0.9194444444444444 0.67890625 0.9305555555555556 0.67265625 0.9430555555555555 0.659375 0.9541666666666667 0.65 0.9527777777777777 0.640625 0.9444444444444444 0.6328125 0.925 0.63125 0.9055555555555556 0.63359375 0.8916666666666667 0.64375 0.8722222222222222 0.6515625 0.8666666666666667 0.66328125 0.8666666666666667
0 0.65546875 0.4222222222222222 0.6625 0.4263888888888889 0.671875 0.44166666666666665 0.675 0.4527777777777778 0.67578125 0.47638888888888886 0.671875 0.4930555555555556 0.66484375 0.5055555555555555 0.65078125 0.5138888888888888 0.6390625 0.5097222222222222 0.62890625 0.49444444444444446 0.625 0.475 0.625 0.45694444444444443 0.628125 0.44305555555555554 0.6359375 0.42916666666666664 0.64609375 0.4222222222222222 0.6546875 0.4222222222222222
0 0.52421875 0.7652777777777777 0.53359375 0.7722222222222223 0.53984375 0.7819444444444444 0.54453125 0.8055555555555556 0.54453125 0.8208333333333333 0.540625 0.8347222222222223 0.53671875 0.8430555555555556 0.525 0.8541666666666666 0.5140625 0.8541666666666666 0.5015625 0.8444444444444444 0.49453125 0.8277777777777777 0.49296875 0.8166666666666667 0.49375 0.7972222222222223 0.5015625 0.7763888888888889 0.51484375 0.7652777777777777 0.5234375 0.7652777777777777
0 0.73203125 0.8611111111111112 0.74140625 0.8694444444444445 0.74765625 0.8833333333333333 0.7484375 0.9111111111111111 0.74296875 0.9305555555555556 0.7359375 0.9416666666666667 0.728125 0.9472222222222222 0.71796875 0.9472222222222222 0.7078125 0.9388888888888889 0.70078125 0.9222222222222223 0.69921875 0.9 0.70234375 0.8833333333333333 0.70859375 0.8708333333333333 0.7203125 0.8611111111111112 0.73125 0.8611111111111112
0 0.5265625 0.8763888888888889 0.53828125 0.8861111111111111 0.54375 0.8972222222222223 0.54609375 0.9069444444444444 0.54609375 0.9291666666666667 0.54375 0.9402777777777778 0.53515625 0.9569444444444445 0.5234375 0.9652777777777778 0.51015625 0.9611111111111111 0.4984375 0.9444444444444444 0.4953125 0.9291666666666667 0.4953125 0.9138888888888889 0.4984375 0.8986111111111111 0.503125 0.8875 0.515625 0.8763888888888889 0.52578125 0.8763888888888889
1 0.51953125 0.5430555555555555 0.52890625 0.55 0.5359375 0.5611111111111111 0.540625 0.5805555555555556 0.540625 0.5958333333333333 0.5390625 0.6069444444444444 0.5328125 0.6236111111111111 0.52578125 0.6319444444444444 0.515625 0.6361111111111111 0.50546875 0.6319444444444444 0.49453125 0.6180555555555556 0.490625 0.6055555555555555 0.4890625 0.5833333333333334 0.4921875 0.5652777777777778 0.49921875 0.5513888888888889 0.5078125 0.5444444444444444 0.51875 0.5430555555555555
1 0.65859375 0.6458333333333334 0.665625 0.65 0.675 0.6638888888888889 0.678125 0.6791666666666667 0.678125 0.7027777777777777 0.671875 0.7222222222222222 0.66484375 0.7319444444444444 0.65625 0.7361111111111112 0.64140625 0.7319444444444444 0.63359375 0.7208333333333333 0.628125 0.7013888888888888 0.628125 0.6847222222222222 0.6328125 0.6638888888888889 0.6390625 0.6527777777777778 0.64921875 0.6458333333333334 0.6578125 0.6458333333333334
1 0.6640625 0.7583333333333333 0.67109375 0.7652777777777777 0.678125 0.7805555555555556 0.6796875 0.8083333333333333 0.6734375 0.8305555555555556 0.66640625 0.8402777777777778 0.65859375 0.8458333333333333 0.64765625 0.8444444444444444 0.6359375 0.8319444444444445 0.6296875 0.8111111111111111 0.6296875 0.7930555555555555 0.63359375 0.7763888888888889 0.64296875 0.7611111111111111 0.653125 0.7555555555555555 0.66328125 0.7583333333333333
1 0.59609375 0.6541666666666667 0.6015625 0.6597222222222222 0.60859375 0.675 0.61015625 0.7055555555555556 0.60546875 0.7222222222222222 0.6 0.7319444444444444 0.5890625 0.7402777777777778 0.57578125 0.7375 0.56953125 0.7319444444444444 0.5640625 0.7222222222222222 0.56015625 0.7083333333333334 0.56015625 0.6847222222222222 0.5671875 0.6625 0.57578125 0.6527777777777778 0.58984375 0.65 0.5953125 0.6541666666666667
1 0.6625 0.5375 0.66875 0.5444444444444444 0.675 0.5569444444444445 0.67734375 0.5708333333333333 0.6765625 0.5930555555555556 0.66875 0.6138888888888889 0.65625 0.625 0.63984375 0.6208333333333333 0.6296875 0.6055555555555555 0.6265625 0.5888888888888889 0.6265625 0.5708333333333333 0.6296875 0.5555555555555556 0.63984375 0.5388888888888889 0.65078125 0.5333333333333333 0.66171875 0.5375
1 0.5921875 0.8708333333333333 0.6046875 0.8791666666666667 0.6125 0.8958333333333334 0.6140625 0.9055555555555556 0.6140625 0.9222222222222223 0.61015625 0.9388888888888889 0.60390625 0.9513888888888888 0.59296875 0.9597222222222223 0.58359375 0.9597222222222223 0.57421875 0.9527777777777777 0.5671875 0.9416666666666667 0.56328125 0.9236111111111112 0.56328125 0.9069444444444444 0.56953125 0.8861111111111111 0.5734375 0.8791666666666667 0.58203125 0.8722222222222222 0.59140625 0.8708333333333333
1 0.73046875 0.7513888888888889 0.73828125 0.7583333333333333 0.74453125 0.7694444444444445 0.74765625 0.7861111111111111 0.74765625 0.7972222222222223 0.7421875 0.8222222222222222 0.73359375 0.8347222222222223 0.7234375 0.8402777777777778 0.71171875 0.8361111111111111 0.70078125 0.8208333333333333 0.6984375 0.8069444444444445 0.6984375 0.7847222222222222 0.7015625 0.7722222222222223 0.71015625 0.7569444444444444 0.71953125 0.7513888888888889 0.7296875 0.7513888888888889
1 0.5890625 0.5388888888888889 0.59921875 0.5472222222222223 0.60546875 0.5583333333333333 0.609375 0.5763888888888888 0.609375 0.5902777777777778 0.60703125 0.6041666666666666 0.603125 0.6138888888888889 0.596875 0.6236111111111111 0.58671875 0.6305555555555555 0.5734375 0.6263888888888889 0.5625 0.6111111111111112 0.55859375 0.5972222222222222 0.5578125 0.5763888888888888 0.5609375 0.5611111111111111 0.5703125 0.5444444444444444 0.578125 0.5388888888888889 0.58828125 0.5388888888888889