0 0.58984375 0.31527777777777777 0.59453125 0.31805555555555554 0.60234375 0.32916666666666666 0.60546875 0.3388888888888889 0.60625 0.35694444444444445 0.60390625 0.36944444444444446 0.59765625 0.38055555555555554 0.58671875 0.3888888888888889 0.5765625 0.3861111111111111 0.5671875 0.37222222222222223 0.56484375 0.3611111111111111 0.56484375 0.3416666666666667 0.56640625 0.3347222222222222 0.57421875 0.32083333333333336 0.5796875 0.31666666666666665 0.5890625 0.31527777777777777
0 0.4859375 0.31805555555555554 0.4953125 0.33194444444444443 0.49765625 0.34444444444444444 0.496875 0.3638888888888889 0.49453125 0.37222222222222223 0.48828125 0.3819444444444444 0.47734375 0.3888888888888889 0.46875 0.3861111111111111 0.459375 0.37222222222222223 0.45625 0.3611111111111111 0.45625 0.34444444444444444 0.459375 0.33055555555555555 0.465625 0.32083333333333336 0.4734375 0.31527777777777777 0.48515625 0.31805555555555554
0 0.478125 0.6652777777777777 0.48828125 0.6722222222222223 0.49453125 0.6847222222222222 0.496875 0.6986111111111111 0.49609375 0.7125 0.49296875 0.7236111111111111 0.48125 0.7375 0.471875 0.7375 0.46484375 0.7319444444444444 0.459375 0.7236111111111111 0.45546875 0.7097222222222223 0.45546875 0.6958333333333333 0.45859375 0.6819444444444445 0.465625 0.6708333333333333 0.47734375 0.6652777777777777
0 0.48203125 0.49166666666666664 0.49296875 0.5041666666666667 0.49609375 0.5138888888888888 0.49765625 0.5291666666666667 0.49453125 0.5472222222222223 0.48828125 0.5569444444444445 0.47890625 0.5638888888888889 0.4703125 0.5625 0.459375 0.5486111111111112 0.45625 0.5388888888888889 0.45625 0.5138888888888888 0.459375 0.5041666666666667 0.46640625 0.49444444444444446 0.4734375 0.49027777777777776 0.48125 0.49166666666666664
0 0.5328125 0.5777777777777777 0.53984375 0.5819444444444445 0.546875 0.5916666666666667 0.55078125 0.6069444444444444 0.55078125 0.6236111111111111 0.54609375 0.6388888888888888 0.53984375 0.6472222222222223 0.53046875 0.6527777777777778 0.525 0.6513888888888889 0.515625 0.6416666666666667 0.51015625 0.6263888888888889 0.509375 0.6152777777777778 0.5109375 0.6 0.51640625 0.5875 0.5234375 0.5805555555555556 0.53203125 0.5777777777777777
0 0.43125 0.31666666666666665 0.4375 0.3236111111111111 0.4421875 0.3347222222222222 0.44375 0.35555555555555557 0.43984375 0.3736111111111111 0.4328125 0.38333333333333336 0.4265625 0.3875 0.4171875 0.3875 0.40703125 0.3763888888888889 0.403125 0.36527777777777776 0.40234375 0.34305555555555556 0.4046875 0.3333333333333333 0.41171875 0.32083333333333336 0.41953125 0.31527777777777777 0.43046875 0.31666666666666665
0 0.371875 0.6638888888888889 0.3828125 0.6736111111111112 0.38828125 0.6888888888888889 0.3875 0.7166666666666667 0.3796875 0.7305555555555555 0.37265625 0.7361111111111112 0.36484375 0.7361111111111112 0.359375 0.7319444444444444 0.35234375 0.7208333333333333 0.3484375 0.7027777777777777 0.3484375 0.6930555555555555 0.3546875 0.6736111111111112 0.3625 0.6652777777777777 0.37109375 0.6638888888888889
0 0.58984375 0.6680555555555555 0.5953125 0.6722222222222223 0.60234375 0.6847222222222222 0.60546875 0.7083333333333334 0.59921875 0.7291666666666666 0.590625 0.7388888888888889 0.58515625 0.7402777777777778 0.5765625 0.7375 0.5671875 0.7263888888888889 0.56328125 0.7055555555555556 0.5640625 0.6930555555555555 0.56953125 0.6777777777777778 0.57734375 0.6694444444444444 0.5890625 0.6680555555555555
0 0.43046875 0.6680555555555555 0.4359375 0.6736111111111112 0.44140625 0.6861111111111111 0.4421875 0.7125 0.43515625 0.7291666666666666 0.42734375 0.7361111111111112 0.41484375 0.7347222222222223 0.4046875 0.7194444444444444 0.40234375 0.7097222222222223 0.40234375 0.6902777777777778 0.40390625 0.6819444444444445 0.415625 0.6666666666666666 0.4265625 0.6652777777777777 0.4296875 0.6680555555555555
0 0.7 0.5819444444444445 0.70546875 0.5861111111111111 0.71328125 0.6013888888888889 0.7140625 0.6277777777777778 0.70625 0.6458333333333334 0.696875 0.6527777777777778 0.6875 0.6513888888888889 0.68046875 0.6458333333333334 0.6734375 0.6305555555555555 0.67265625 0.6125 0.675 0.6 0.68125 0.5875 0.69140625 0.5805555555555556 0.69921875 0.5819444444444445
0 0.48046875 0.2263888888888889 0.49140625 0.2361111111111111 0.4953125 0.24444444444444444 0.49765625 0.25555555555555554 0.49765625 0.2722222222222222 0.4921875 0.28888888888888886 0.47890625 0.3 0.471875 0.3 0.4625 0.2902777777777778 0.45703125 0.2722222222222222 0.45703125 0.25416666666666665 0.46015625 0.24305555555555555 0.46640625 0.23194444444444445 0.47421875 0.2263888888888889 0.4796875 0.2263888888888889
0 0.37421875 0.5777777777777777 0.37890625 0.5805555555555556 0.3859375 0.5916666666666667 0.3890625 0.6055555555555555 0.3890625 0.6194444444444445 0.38671875 0.6319444444444444 0.38203125 0.6402777777777777 0.37265625 0.6486111111111111 0.3640625 0.6486111111111111 0.35546875 0.6416666666666667 0.35078125 0.6305555555555555 0.3484375 0.6111111111111112 0.34921875 0.6013888888888889 0.35546875 0.5847222222222223 0.3625 0.5777777777777777 0.3734375 0.5777777777777777
0 0.4265625 0.49027777777777776 0.434375 0.49583333333333335 0.43984375 0.5041666666666667 0.44375 0.5291666666666667 0.43984375 0.5486111111111112 0.42578125 0.5625 0.41796875 0.5625 0.4109375 0.5569444444444445 0.40390625 0.5430555555555555 0.40234375 0.5333333333333333 0.40234375 0.5152777777777777 0.40703125 0.5013888888888889 0.4140625 0.4930555555555556 0.42578125 0.49027777777777776
0 0.534375 0.4027777777777778 0.54296875 0.4083333333333333 0.54765625 0.4166666666666667 0.5515625 0.4305555555555556 0.5515625 0.44722222222222224 0.55 0.45555555555555555 0.54375 0.46805555555555556 0.53203125 0.47638888888888886 0.52265625 0.4736111111111111 0.5125 0.4597222222222222 0.51015625 0.43333333333333335 0.51171875 0.4236111111111111 0.51875 0.4097222222222222 0.525 0.4041666666666667 0.53359375 0.4027777777777778
0 0.640625 0.6680555555555555 0.653125 0.6777777777777778 0.65703125 0.6861111111111111 0.659375 0.6986111111111111 0.659375 0.7125 0.65703125 0.7236111111111111 0.6515625 0.7333333333333333 0.64140625 0.7402777777777778 0.6328125 0.7388888888888889 0.6234375 0.7305555555555555 0.61953125 0.7208333333333333 0.61796875 0.7097222222222223 0.61875 0.6916666666666667 0.62109375 0.6847222222222222 0.6296875 0.6722222222222223 0.63984375 0.6680555555555555
0 0.7015625 0.40555555555555556 0.709375 0.41388888888888886 0.71328125 0.4236111111111111 0.71484375 0.45 0.70859375 0.4666666666666667 0.69609375 0.47638888888888886 0.6875 0.475 0.678125 0.4652777777777778 0.6734375 0.4486111111111111 0.6734375 0.43472222222222223 0.675 0.425 0.68203125 0.4111111111111111 0.69140625 0.4041666666666667 0.70078125 0.40555555555555556
1 0.5328125 0.2263888888888889 0.5453125 0.2361111111111111 0.5515625 0.25416666666666665 0.5515625 0.2722222222222222 0.54921875 0.28194444444444444 0.54296875 0.29305555555555557 0.534375 0.3 0.52578125 0.3 0.51796875 0.29305555555555557 0.5109375 0.27361111111111114 0.5109375 0.25416666666666665 0.51484375 0.24027777777777778 0.521875 0.23055555555555557 0.53203125 0.2263888888888889
1 0.5421875 0.49722222222222223 0.5484375 0.5083333333333333 0.55078125 0.5180555555555556 0.55 0.5416666666666666 0.53984375 0.5597222222222222 0.52890625 0.5652777777777778 0.51796875 0.5583333333333333 0.5109375 0.5430555555555555 0.51015625 0.5166666666666667 0.5140625 0.5041666666666667 0.521875 0.49444444444444446 0.53515625 0.49166666666666664 0.54140625 0.49722222222222223
1 0.590625 0.5805555555555556 0.60234375 0.5958333333333333 0.60546875 0.6166666666666667 0.60234375 0.6347222222222222 0.59453125 0.6472222222222223 0.58671875 0.6527777777777778 0.575 0.65 0.5671875 0.6388888888888888 0.5640625 0.6277777777777778 0.5640625 0.6069444444444444 0.56640625 0.5972222222222222 0.5734375 0.5847222222222223 0.5796875 0.5805555555555556 0.58984375 0.5805555555555556
1 0.59375 0.49444444444444446 0.603125 0.5097222222222222 0.60546875 0.5208333333333334 0.60546875 0.5347222222222222 0.60234375 0.5472222222222223 0.596875 0.5569444444444445 0.58515625 0.5652777777777778 0.57734375 0.5638888888888889 0.5703125 0.5569444444444445 0.56640625 0.5486111111111112 0.5640625 0.5402777777777777 0.5640625 0.5180555555555556 0.56640625 0.5083333333333333 0.5765625 0.49444444444444446 0.59296875 0.49444444444444446
1 0.59453125 0.40694444444444444 0.6046875 0.425 0.60546875 0.45 0.59921875 0.4666666666666667 0.58828125 0.47638888888888886 0.58125 0.47638888888888886 0.5703125 0.4666666666666667 0.56484375 0.4527777777777778 0.5640625 0.43472222222222223 0.56640625 0.4222222222222222 0.5734375 0.4097222222222222 0.58203125 0.4041666666666667 0.59375 0.40694444444444444
1 0.7015625 0.49444444444444446 0.70625 0.4986111111111111 0.71328125 0.5138888888888888 0.7140625 0.5375 0.709375 0.5527777777777778 0.69921875 0.5638888888888889 0.69375 0.5652777777777778 0.68671875 0.5638888888888889 0.67734375 0.5527777777777778 0.6734375 0.5375 0.6734375 0.5194444444444445 0.6765625 0.5083333333333333 0.68203125 0.4986111111111111 0.68984375 0.4930555555555556 0.70078125 0.49444444444444446
1 0.42734375 0.5777777777777777 0.43515625 0.5847222222222223 0.43984375 0.5930555555555556 0.44296875 0.6069444444444444 0.44296875 0.6194444444444445 0.440625 0.6319444444444444 0.43515625 0.6416666666666667 0.42421875 0.65 0.41640625 0.65 0.40703125 0.6402777777777777 0.40234375 0.6236111111111111 0.4015625 0.6097222222222223 0.40390625 0.5958333333333333 0.41015625 0.5847222222222223 0.41796875 0.5777777777777777 0.4265625 0.5777777777777777
1 0.47890625 0.5777777777777777 0.484375 0.5805555555555556 0.49296875 0.5930555555555556 0.49609375 0.6041666666666666 0.496875 0.6180555555555556 0.4953125 0.6291666666666667 0.490625 0.6402777777777777 0.47734375 0.6513888888888889 0.465625 0.6472222222222223 0.46015625 0.6388888888888888 0.45625 0.6263888888888889 0.45546875 0.6055555555555555 0.459375 0.5916666666666667 0.46328125 0.5861111111111111 0.47109375 0.5791666666666667 0.478125 0.5777777777777777
1 0.478125 0.4027777777777778 0.490625 0.4111111111111111 0.496875 0.4305555555555556 0.496875 0.44722222222222224 0.49453125 0.4583333333333333 0.48984375 0.4666666666666667 0.48046875 0.475 0.47109375 0.475 0.4640625 0.46944444444444444 0.4578125 0.45694444444444443 0.45546875 0.4388888888888889 0.45625 0.42777777777777776 0.4625 0.4125 0.46953125 0.40555555555555556 0.47734375 0.4027777777777778
1 0.5375 0.31666666666666665 0.55 0.3333333333333333 0.5515625 0.35833333333333334 0.54765625 0.3736111111111111 0.53515625 0.3875 0.525 0.3875 0.51796875 0.3819444444444444 0.51171875 0.36944444444444446 0.51015625 0.3486111111111111 0.5125 0.3347222222222222 0.51796875 0.3236111111111111 0.52890625 0.31527777777777777 0.53671875 0.31666666666666665
1 0.53828125 0.6694444444444444 0.546875 0.6819444444444445 0.55 0.6916666666666667 0.55 0.7138888888888889 0.54296875 0.7305555555555555 0.5328125 0.7388888888888889 0.52265625 0.7375 0.51171875 0.7236111111111111 0.509375 0.7111111111111111 0.509375 0.6958333333333333 0.51328125 0.6805555555555556 0.51875 0.6722222222222223 0.52734375 0.6666666666666666 0.5375 0.6694444444444444
1 0.70078125 0.6708333333333333 0.7109375 0.6847222222222222 0.71328125 0.6930555555555555 0.7140625 0.7125 0.71171875 0.7236111111111111 0.70625 0.7333333333333333 0.696875 0.7402777777777778 0.6875 0.7402777777777778 0.678125 0.7319444444444444 0.67265625 0.7152777777777778 0.67265625 0.6986111111111111 0.675 0.6875 0.68203125 0.675 0.690625 0.6694444444444444 0.7 0.6708333333333333
1 0.42890625 0.4041666666666667 0.43359375 0.40694444444444444 0.43984375 0.4166666666666667 0.44375 0.4375 0.43984375 0.4597222222222222 0.4328125 0.4708333333333333 0.42578125 0.475 0.41640625 0.4736111111111111 0.4109375 0.46944444444444444 0.40390625 0.45555555555555555 0.4015625 0.43472222222222223 0.40390625 0.4222222222222222 0.41328125 0.40694444444444444 0.428125 0.4041666666666667
1 0.43359375 0.23194444444444445 0.43984375 0.24027777777777778 0.44296875 0.2513888888888889 0.44296875 0.27361111111111114 0.440625 0.2833333333333333 0.43515625 0.29305555555555557 0.425 0.3 0.4140625 0.2972222222222222 0.40703125 0.2875 0.403125 0.27361111111111114 0.403125 0.25555555555555554 0.40703125 0.24166666666666667 0.4140625 0.23194444444444445 0.421875 0.22777777777777777 0.4328125 0.23194444444444445
1 0.590625 0.22777777777777777 0.603125 0.24166666666666667 0.60625 0.25416666666666665 0.60625 0.2708333333333333 0.603125 0.2833333333333333 0.5984375 0.2916666666666667 0.5890625 0.3 0.57890625 0.2986111111111111 0.56953125 0.2875 0.565625 0.2763888888888889 0.565625 0.25277777777777777 0.56875 0.24166666666666667 0.57421875 0.23333333333333334 0.58125 0.22777777777777777 0.58984375 0.22777777777777777