0 0.55859375 0.7111111111111111 0.5703125 0.7208333333333333 0.57421875 0.7277777777777777 0.57734375 0.7402777777777778 0.57734375 0.7555555555555555 0.575 0.7666666666666667 0.5671875 0.7819444444444444 0.5609375 0.7875 0.5515625 0.7875 0.54140625 0.7805555555555556 0.5359375 0.7708333333333334 0.53203125 0.7541666666666667 0.5328125 0.7375 0.54140625 0.7180555555555556 0.5484375 0.7125 0.5578125 0.7111111111111111
0 0.62109375 0.7083333333333334 0.6328125 0.7222222222222222 0.63515625 0.7305555555555555 0.6359375 0.7472222222222222 0.63203125 0.7666666666666667 0.62421875 0.7791666666666667 0.6171875 0.7833333333333333 0.60390625 0.7791666666666667 0.59453125 0.7666666666666667 0.59140625 0.7541666666666667 0.59140625 0.7361111111111112 0.59453125 0.725 0.60234375 0.7125 0.61484375 0.7055555555555556 0.6203125 0.7083333333333334
0 0.4890625 0.3263888888888889 0.49765625 0.33194444444444443 0.50546875 0.34305555555555556 0.509375 0.35833333333333334 0.509375 0.37777777777777777 0.5015625 0.4 0.4875 0.4111111111111111 0.475 0.40555555555555556 0.46640625 0.39305555555555555 0.46328125 0.38472222222222224 0.46171875 0.3625 0.46328125 0.35 0.4703125 0.3347222222222222 0.478125 0.3277777777777778 0.48828125 0.3263888888888889
0 0.49609375 0.42777777777777776 0.5015625 0.43194444444444446 0.5078125 0.44305555555555554 0.51171875 0.45694444444444443 0.51171875 0.47638888888888886 0.5046875 0.49722222222222223 0.4921875 0.5083333333333333 0.484375 0.5083333333333333 0.46953125 0.4930555555555556 0.46484375 0.47638888888888886 0.46484375 0.45694444444444443 0.46640625 0.44722222222222224 0.47421875 0.43194444444444446 0.4828125 0.4263888888888889 0.4953125 0.42777777777777776
0 0.440625 0.7208333333333333 0.45234375 0.7319444444444444 0.45859375 0.7513888888888889 0.45625 0.7777777777777778 0.44921875 0.7902777777777777 0.440625 0.7972222222222223 0.43046875 0.7958333333333333 0.4203125 0.7861111111111111 0.415625 0.775 0.41328125 0.7513888888888889 0.415625 0.7388888888888889 0.421875 0.7277777777777777 0.43125 0.7208333333333333 0.43984375 0.7208333333333333
0 0.7421875 0.7 0.7515625 0.7138888888888889 0.75390625 0.7222222222222222 0.75390625 0.7402777777777778 0.74921875 0.7583333333333333 0.7421875 0.7680555555555556 0.7359375 0.7722222222222223 0.728125 0.7722222222222223 0.71796875 0.7652777777777777 0.7109375 0.75 0.71015625 0.7305555555555555 0.715625 0.7111111111111111 0.72109375 0.7027777777777777 0.7296875 0.6972222222222222 0.74140625 0.7
0 0.50390625 0.625 0.5125 0.6375 0.515625 0.6527777777777778 0.515625 0.6666666666666666 0.51015625 0.6875 0.5046875 0.6958333333333333 0.49765625 0.7 0.48671875 0.6986111111111111 0.47734375 0.6888888888888889 0.47109375 0.6736111111111112 0.46953125 0.6527777777777778 0.4734375 0.6361111111111111 0.484375 0.6222222222222222 0.49765625 0.6208333333333333 0.503125 0.625
0 0.553125 0.5180555555555556 0.5671875 0.5291666666666667 0.5734375 0.5458333333333333 0.57421875 0.5541666666666667 0.5734375 0.5680555555555555 0.56875 0.5861111111111111 0.5640625 0.5944444444444444 0.5546875 0.6 0.54375 0.5986111111111111 0.53671875 0.5916666666666667 0.53046875 0.5805555555555556 0.52734375 0.5652777777777778 0.528125 0.5472222222222223 0.53203125 0.5347222222222222 0.54296875 0.5208333333333334 0.55234375 0.5180555555555556
1 0.55703125 0.3263888888888889 0.56171875 0.33055555555555555 0.56875 0.3472222222222222 0.56953125 0.37222222222222223 0.56484375 0.3902777777777778 0.553125 0.4041666666666667 0.54140625 0.4041666666666667 0.53359375 0.39861111111111114 0.5265625 0.3861111111111111 0.5234375 0.37222222222222223 0.52578125 0.34444444444444444 0.534375 0.3277777777777778 0.5421875 0.32222222222222224 0.55078125 0.32222222222222224 0.55625 0.3263888888888889
1 0.67890625 0.6083333333333333 0.68984375 0.6222222222222222 0.69375 0.6361111111111111 0.69375 0.6513888888888889 0.690625 0.6666666666666666 0.678125 0.6833333333333333 0.66484375 0.6833333333333333 0.6578125 0.6777777777777778 0.6515625 0.6666666666666666 0.64921875 0.6541666666666667 0.65 0.6347222222222222 0.65859375 0.6152777777777778 0.66796875 0.6083333333333333 0.678125 0.6083333333333333
1 0.4921875 0.5236111111111111 0.5046875 0.5319444444444444 0.51015625 0.5416666666666666 0.51328125 0.5541666666666667 0.51171875 0.5847222222222223 0.5046875 0.5986111111111111 0.49453125 0.6055555555555555 0.4828125 0.6027777777777777 0.4734375 0.5916666666666667 0.4671875 0.575 0.4671875 0.5583333333333333 0.47109375 0.5402777777777777 0.4796875 0.5277777777777778 0.49140625 0.5236111111111111
1 0.5609375 0.6180555555555556 0.571875 0.6319444444444444 0.575 0.6430555555555556 0.57578125 0.6555555555555556 0.57421875 0.6708333333333333 0.57109375 0.6791666666666667 0.56640625 0.6875 0.55859375 0.6944444444444444 0.5484375 0.6944444444444444 0.5390625 0.6875 0.53203125 0.6736111111111112 0.52890625 0.6569444444444444 0.53203125 0.6361111111111111 0.53984375 0.6222222222222222 0.54921875 0.6166666666666667 0.56015625 0.6180555555555556
1 0.68046875 0.7041666666666667 0.6859375 0.7083333333333334 0.6921875 0.7194444444444444 0.69453125 0.7430555555555556 0.6921875 0.7569444444444444 0.68671875 0.7694444444444445 0.678125 0.7777777777777778 0.66796875 0.7777777777777778 0.65859375 0.7708333333333334 0.65390625 0.7625 0.65 0.7430555555555556 0.65390625 0.7208333333333333 0.659375 0.7111111111111111 0.66875 0.7041666666666667 0.6796875 0.7041666666666667
1 0.55 0.42083333333333334 0.5609375 0.4263888888888889 0.57109375 0.44583333333333336 0.571875 0.46944444444444444 0.5671875 0.4888888888888889 0.55703125 0.5013888888888889 0.5453125 0.5027777777777778 0.53671875 0.49722222222222223 0.52890625 0.4847222222222222 0.52578125 0.4666666666666667 0.52734375 0.44305555555555554 0.5359375 0.42777777777777776 0.54296875 0.4222222222222222 0.54921875 0.4222222222222222
1 0.49921875 0.7166666666666667 0.5125 0.7291666666666666 0.5171875 0.7430555555555556 0.51796875 0.7555555555555555 0.51328125 0.7777777777777778 0.50859375 0.7861111111111111 0.49765625 0.7930555555555555 0.4875 0.7902777777777777 0.47734375 0.7791666666666667 0.4734375 0.7666666666666667 0.47265625 0.7486111111111111 0.475 0.7361111111111112 0.4828125 0.7222222222222222 0.49140625 0.7166666666666667 0.4984375 0.7166666666666667