0 0.74375 0.6458333333333334 0.7515625 0.65 0.75859375 0.6583333333333333 0.76484375 0.6777777777777778 0.76484375 0.6986111111111111 0.76171875 0.7097222222222223 0.75703125 0.7194444444444444 0.74765625 0.7263888888888889 0.73671875 0.7263888888888889 0.728125 0.7194444444444444 0.721875 0.7097222222222223 0.71796875 0.6944444444444444 0.71796875 0.6777777777777778 0.72265625 0.6597222222222222 0.7296875 0.65 0.74296875 0.6458333333333334
0 0.5203125 0.5555555555555556 0.52890625 0.5666666666666667 0.53203125 0.5819444444444445 0.53203125 0.5944444444444444 0.52578125 0.6166666666666667 0.5171875 0.625 0.50546875 0.6236111111111111 0.49765625 0.6125 0.49453125 0.6 0.49453125 0.5819444444444445 0.49765625 0.5680555555555555 0.50234375 0.5597222222222222 0.51171875 0.5541666666666667 0.51953125 0.5555555555555556
0 0.690625 0.7472222222222222 0.696875 0.7555555555555555 0.7015625 0.7680555555555556 0.703125 0.7944444444444444 0.7 0.8069444444444445 0.69609375 0.8138888888888889 0.6859375 0.8222222222222222 0.6765625 0.8222222222222222 0.66953125 0.8180555555555555 0.6609375 0.8041666666666667 0.6578125 0.7916666666666666 0.6578125 0.7694444444444445 0.66015625 0.7597222222222222 0.67109375 0.7444444444444445 0.684375 0.7430555555555556 0.68984375 0.7472222222222222
0 0.63046875 0.37222222222222223 0.6390625 0.3875 0.640625 0.40694444444444444 0.63828125 0.42083333333333334 0.63359375 0.43194444444444446 0.621875 0.44166666666666665 0.6125 0.44027777777777777 0.6046875 0.43194444444444446 0.59921875 0.4166666666666667 0.5984375 0.4 0.6 0.3902777777777778 0.6078125 0.375 0.61875 0.3680555555555556 0.6296875 0.37222222222222223
0 0.68359375 0.55 0.69140625 0.5555555555555556 0.696875 0.5638888888888889 0.70078125 0.5791666666666667 0.70078125 0.5972222222222222 0.69921875 0.6055555555555555 0.6921875 0.6194444444444445 0.6828125 0.6263888888888889 0.67578125 0.6263888888888889 0.665625 0.6194444444444445 0.6609375 0.6125 0.65625 0.5944444444444444 0.65703125 0.575 0.6640625 0.5583333333333333 0.67265625 0.55 0.6828125 0.55
0 0.62578125 0.8361111111111111 0.6375 0.8486111111111111 0.64296875 0.8708333333333333 0.64296875 0.8861111111111111 0.640625 0.8972222222222223 0.6359375 0.9069444444444444 0.6265625 0.9138888888888889 0.61953125 0.9138888888888889 0.609375 0.9069444444444444 0.60234375 0.8930555555555556 0.59921875 0.8791666666666667 0.60078125 0.8569444444444444 0.60859375 0.8402777777777778 0.615625 0.8347222222222223 0.625 0.8361111111111111
0 0.51484375 0.8236111111111111 0.52109375 0.8277777777777777 0.52734375 0.8388888888888889 0.53125 0.8597222222222223 0.53046875 0.8736111111111111 0.52578125 0.8888888888888888 0.51484375 0.8986111111111111 0.50078125 0.8916666666666667 0.49453125 0.8791666666666667 0.4921875 0.8680555555555556 0.4921875 0.8486111111111111 0.496875 0.8333333333333334 0.50390625 0.8236111111111111 0.5140625 0.8236111111111111
0 0.74921875 0.85 0.75625 0.8555555555555555 0.7625 0.8652777777777778 0.76796875 0.8861111111111111 0.76796875 0.9027777777777778 0.765625 0.9138888888888889 0.76015625 0.925 0.7515625 0.9319444444444445 0.7390625 0.9305555555555556 0.73125 0.9236111111111112 0.725 0.9138888888888889 0.71953125 0.8930555555555556 0.7203125 0.8736111111111111 0.7265625 0.8569444444444444 0.7375 0.8486111111111111 0.7484375 0.85
0 0.5125 0.7319444444444444 0.51796875 0.7333333333333333 0.52578125 0.7416666666666667 0.53125 0.7597222222222222 0.53125 0.7763888888888889 0.52890625 0.7888888888888889 0.52265625 0.8013888888888889 0.5171875 0.8055555555555556 0.50859375 0.8055555555555556 0.50078125 0.8 0.49296875 0.7819444444444444 0.4921875 0.7652777777777777 0.4953125 0.7472222222222222 0.5015625 0.7361111111111112 0.51171875 0.7319444444444444
0 0.628125 0.6458333333333334 0.6375 0.6583333333333333 0.64140625 0.6736111111111112 0.6421875 0.6875 0.63671875 0.7097222222222223 0.62578125 0.7208333333333333 0.61640625 0.7208333333333333 0.6078125 0.7138888888888889 0.60078125 0.7 0.5984375 0.6763888888888889 0.60234375 0.6597222222222222 0.61015625 0.6472222222222223 0.61484375 0.6444444444444445 0.62734375 0.6458333333333334
1 0.6296875 0.4625 0.6375 0.4736111111111111 0.640625 0.4861111111111111 0.640625 0.5013888888888889 0.63671875 0.5194444444444445 0.625 0.5333333333333333 0.61484375 0.5333333333333333 0.60546875 0.5236111111111111 0.6 0.5083333333333333 0.59921875 0.49027777777777776 0.6015625 0.4777777777777778 0.6109375 0.4625 0.615625 0.4597222222222222 0.62890625 0.4625
1 0.6859375 0.8430555555555556 0.696875 0.8555555555555555 0.70390625 0.8791666666666667 0.70390625 0.8944444444444445 0.7 0.9111111111111111 0.6859375 0.925 0.68125 0.925 0.6671875 0.9138888888888889 0.6609375 0.9 0.65859375 0.8875 0.659375 0.8652777777777778 0.6640625 0.8513888888888889 0.67421875 0.8416666666666667 0.68515625 0.8430555555555556
1 0.521875 0.46944444444444444 0.53046875 0.48333333333333334 0.53203125 0.5083333333333333 0.52578125 0.5291666666666667 0.515625 0.5388888888888889 0.50625 0.5361111111111111 0.4984375 0.525 0.4953125 0.5125 0.4953125 0.49444444444444446 0.49765625 0.48333333333333334 0.50390625 0.4722222222222222 0.5140625 0.4666666666666667 0.52109375 0.46944444444444444
1 0.68984375 0.65 0.6984375 0.6638888888888889 0.70078125 0.6722222222222223 0.7015625 0.6972222222222222 0.6984375 0.7083333333333334 0.69296875 0.7180555555555556 0.68203125 0.725 0.66875 0.7194444444444444 0.66015625 0.7041666666666667 0.65703125 0.6902777777777778 0.65703125 0.6763888888888889 0.66015625 0.6597222222222222 0.66875 0.6486111111111111 0.68359375 0.6458333333333334 0.6890625 0.65
1 0.5171875 0.6430555555555556 0.521875 0.6458333333333334 0.528125 0.6569444444444444 0.53125 0.6708333333333333 0.53125 0.6875 0.5265625 0.7041666666666667 0.51640625 0.7152777777777778 0.5078125 0.7138888888888889 0.5015625 0.7083333333333334 0.49375 0.6875 0.49375 0.6694444444444444 0.49765625 0.6541666666666667 0.50625 0.6430555555555556 0.51640625 0.6430555555555556
1 0.4640625 0.8180555555555555 0.47421875 0.8305555555555556 0.47890625 0.8486111111111111 0.47890625 0.8652777777777778 0.4765625 0.8763888888888889 0.46640625 0.8902777777777777 0.45546875 0.8888888888888888 0.4453125 0.8736111111111111 0.44296875 0.8625 0.44296875 0.8430555555555556 0.4453125 0.8319444444444445 0.45390625 0.8194444444444444 0.46328125 0.8180555555555555
1 0.62265625 0.7388888888888889 0.634375 0.7472222222222222 0.63828125 0.7555555555555555 0.6421875 0.7736111111111111 0.6421875 0.7861111111111111 0.63828125 0.8027777777777778 0.6328125 0.8125 0.62734375 0.8166666666666667 0.61796875 0.8166666666666667 0.60859375 0.8083333333333333 0.6015625 0.7930555555555555 0.6 0.7833333333333333 0.6 0.7652777777777777 0.60234375 0.7555555555555555 0.6125 0.7402777777777778 0.621875 0.7388888888888889
1 0.62734375 0.5527777777777778 0.6375 0.5652777777777778 0.640625 0.5777777777777777 0.64140625 0.5916666666666667 0.6375 0.6125 0.63125 0.6222222222222222 0.625 0.6263888888888889 0.6125 0.6236111111111111 0.603125 0.6111111111111112 0.6 0.5986111111111111 0.6 0.5777777777777777 0.6015625 0.5680555555555555 0.609375 0.5555555555555556 0.615625 0.5513888888888889 0.6265625 0.5527777777777778
1 0.74609375 0.7472222222222222 0.75546875 0.7541666666666667 0.76171875 0.7638888888888888 0.76640625 0.7847222222222222 0.76640625 0.7986111111111112 0.7625 0.8138888888888889 0.7546875 0.8263888888888888 0.74921875 0.8291666666666667 0.73828125 0.8291666666666667 0.73046875 0.8222222222222222 0.72265625 0.8083333333333333 0.71875 0.7902777777777777 0.71953125 0.7722222222222223 0.7265625 0.7541666666666667 0.73515625 0.7472222222222222 0.7453125 0.7472222222222222
1 0.81328125 0.8555555555555555 0.82421875 0.8638888888888889 0.82890625 0.8708333333333333 0.83515625 0.8875 0.83671875 0.9027777777777778 0.8359375 0.9152777777777777 0.8328125 0.9263888888888889 0.82734375 0.9361111111111111 0.81875 0.9430555555555555 0.8078125 0.9430555555555555 0.7953125 0.9319444444444445 0.7890625 0.9194444444444444 0.78515625 0.9 0.78515625 0.8847222222222222 0.79296875 0.8638888888888889 0.8015625 0.8569444444444444 0.8125 0.8555555555555555