0 0.57265625 0.7180555555555556 0.58125 0.7236111111111111 0.58515625 0.7305555555555555 0.5890625 0.7402777777777778 0.590625 0.7513888888888889 0.590625 0.7652777777777777 0.58828125 0.775 0.58046875 0.7888888888888889 0.5734375 0.7944444444444444 0.56484375 0.7944444444444444 0.55859375 0.7902777777777777 0.5515625 0.7791666666666667 0.54765625 0.7638888888888888 0.5484375 0.7444444444444445 0.553125 0.7291666666666666 0.559375 0.7208333333333333 0.571875 0.7180555555555556
0 0.4609375 0.8125 0.471875 0.8263888888888888 0.47578125 0.8486111111111111 0.4734375 0.8666666666666667 0.4703125 0.875 0.45859375 0.8888888888888888 0.44453125 0.8861111111111111 0.4359375 0.8736111111111111 0.4328125 0.8611111111111112 0.4328125 0.8416666666666667 0.43515625 0.8319444444444445 0.44296875 0.8166666666666667 0.45234375 0.8111111111111111 0.46015625 0.8125
0 0.51875 0.8125 0.52578125 0.8194444444444444 0.5296875 0.8277777777777777 0.5328125 0.8388888888888889 0.5328125 0.8597222222222223 0.53046875 0.8694444444444445 0.5234375 0.8833333333333333 0.51484375 0.8902777777777777 0.5046875 0.8888888888888888 0.496875 0.8819444444444444 0.49140625 0.8666666666666667 0.48984375 0.8444444444444444 0.49375 0.8277777777777777 0.49921875 0.8180555555555555 0.50625 0.8125 0.51796875 0.8125
0 0.57421875 0.8125 0.58515625 0.8236111111111111 0.590625 0.8388888888888889 0.59140625 0.8472222222222222 0.5890625 0.8694444444444445 0.58125 0.8833333333333333 0.57421875 0.8902777777777777 0.56328125 0.8902777777777777 0.55546875 0.8833333333333333 0.55 0.8722222222222222 0.54765625 0.8597222222222223 0.5484375 0.8402777777777778 0.55234375 0.8263888888888888 0.559375 0.8152777777777778 0.5734375 0.8125
0 0.40859375 0.5361111111111111 0.41796875 0.5527777777777778 0.41953125 0.5763888888888888 0.41796875 0.5847222222222223 0.41171875 0.5986111111111111 0.40078125 0.6069444444444444 0.390625 0.6041666666666666 0.38203125 0.5916666666666667 0.37890625 0.5805555555555556 0.37890625 0.5611111111111111 0.38515625 0.5430555555555555 0.390625 0.5361111111111111 0.39609375 0.5333333333333333 0.4078125 0.5361111111111111
0 0.346875 0.8125 0.35703125 0.8263888888888888 0.36015625 0.8388888888888889 0.36015625 0.8541666666666666 0.35625 0.8708333333333333 0.35078125 0.8805555555555555 0.3421875 0.8875 0.33125 0.8847222222222222 0.32265625 0.8722222222222222 0.31875 0.8597222222222223 0.31875 0.8402777777777778 0.32265625 0.8277777777777777 0.33125 0.8138888888888889 0.33671875 0.8111111111111111 0.34609375 0.8125
0 0.51484375 0.625 0.52265625 0.6291666666666667 0.5296875 0.6416666666666667 0.5328125 0.6541666666666667 0.5328125 0.6680555555555555 0.5296875 0.6819444444444445 0.52265625 0.6958333333333333 0.51171875 0.7013888888888888 0.50078125 0.6958333333333333 0.49375 0.6847222222222222 0.490625 0.6694444444444444 0.490625 0.6541666666666667 0.49375 0.6416666666666667 0.50078125 0.6291666666666667 0.5140625 0.625
0 0.45859375 0.7180555555555556 0.4703125 0.7277777777777777 0.47578125 0.7486111111111111 0.4734375 0.7722222222222223 0.46640625 0.7875 0.46015625 0.7930555555555555 0.44921875 0.7930555555555555 0.44296875 0.7888888888888889 0.4375 0.7805555555555556 0.43359375 0.7680555555555556 0.43359375 0.7444444444444445 0.43515625 0.7375 0.446875 0.7194444444444444 0.4578125 0.7180555555555556
0 0.34375 0.7166666666666667 0.353125 0.7222222222222222 0.3578125 0.7305555555555555 0.36171875 0.7513888888888889 0.3578125 0.775 0.353125 0.7847222222222222 0.3453125 0.7916666666666666 0.33125 0.7888888888888889 0.32421875 0.7777777777777778 0.3203125 0.7611111111111111 0.32109375 0.7430555555555556 0.32734375 0.7263888888888889 0.3328125 0.7194444444444444 0.34296875 0.7166666666666667
0 0.4078125 0.6277777777777778 0.41796875 0.6458333333333334 0.41875 0.6708333333333333 0.4109375 0.6916666666666667 0.39921875 0.7 0.38984375 0.6972222222222222 0.38125 0.6847222222222222 0.37734375 0.6680555555555555 0.378125 0.6541666666666667 0.38359375 0.6347222222222222 0.38828125 0.6291666666666667 0.39375 0.625 0.40390625 0.625 0.40703125 0.6277777777777778
1 0.46171875 0.5347222222222222 0.4671875 0.5388888888888889 0.4734375 0.55 0.47578125 0.5625 0.47578125 0.5763888888888888 0.471875 0.5916666666666667 0.46640625 0.6013888888888889 0.459375 0.6069444444444444 0.446875 0.6041666666666666 0.4375 0.5902777777777778 0.43515625 0.5819444444444445 0.43515625 0.5597222222222222 0.43828125 0.5486111111111112 0.4453125 0.5375 0.4546875 0.5333333333333333 0.4609375 0.5347222222222222
1 0.5734375 0.6263888888888889 0.58515625 0.6388888888888888 0.58984375 0.6569444444444444 0.58828125 0.6777777777777778 0.5859375 0.6847222222222222 0.58046875 0.6944444444444444 0.57421875 0.7 0.56328125 0.7 0.5578125 0.6958333333333333 0.55078125 0.6847222222222222 0.54765625 0.6694444444444444 0.54921875 0.6472222222222223 0.55703125 0.6305555555555555 0.5625 0.6263888888888889 0.57265625 0.6263888888888889
1 0.52421875 0.725 0.53125 0.7416666666666667 0.53203125 0.7666666666666667 0.52265625 0.7888888888888889 0.51484375 0.7944444444444444 0.50546875 0.7930555555555555 0.496875 0.7847222222222222 0.49140625 0.7680555555555556 0.490625 0.75 0.49453125 0.7333333333333333 0.5046875 0.7194444444444444 0.5171875 0.7194444444444444 0.5234375 0.725
1 0.58046875 0.5402777777777777 0.58515625 0.5472222222222223 0.58828125 0.5597222222222222 0.58828125 0.5819444444444445 0.5796875 0.6013888888888889 0.57265625 0.6069444444444444 0.56328125 0.6069444444444444 0.553125 0.5958333333333333 0.5484375 0.5805555555555556 0.5484375 0.5597222222222222 0.553125 0.5444444444444444 0.56015625 0.5361111111111111 0.56796875 0.5333333333333333 0.5796875 0.5402777777777777
1 0.4046875 0.7194444444444444 0.41484375 0.7333333333333333 0.4171875 0.7416666666666667 0.41796875 0.7597222222222222 0.41171875 0.7819444444444444 0.40078125 0.7930555555555555 0.38828125 0.7902777777777777 0.38046875 0.7791666666666667 0.3765625 0.7638888888888888 0.3765625 0.7472222222222222 0.3796875 0.7333333333333333 0.38671875 0.7222222222222222 0.39296875 0.7180555555555556 0.40390625 0.7194444444444444
1 0.46484375 0.6291666666666667 0.47109375 0.6375 0.47421875 0.6472222222222223 0.47578125 0.6583333333333333 0.475 0.6722222222222223 0.4671875 0.6930555555555555 0.4578125 0.7 0.45078125 0.7 0.4390625 0.6888888888888889 0.434375 0.6736111111111112 0.434375 0.6527777777777778 0.43828125 0.6388888888888888 0.4484375 0.6263888888888889 0.45859375 0.625 0.4640625 0.6291666666666667
1 0.40546875 0.8152777777777778 0.41015625 0.8194444444444444 0.41484375 0.8291666666666667 0.4171875 0.8402777777777778 0.4171875 0.8569444444444444 0.41171875 0.8763888888888889 0.4015625 0.8875 0.38984375 0.8875 0.38203125 0.8791666666666667 0.3765625 0.8652777777777778 0.375 0.8444444444444444 0.37890625 0.8277777777777777 0.3859375 0.8166666666666667 0.39140625 0.8125 0.4015625 0.8125 0.4046875 0.8152777777777778
1 0.62734375 0.8125 0.640625 0.8208333333333333 0.646875 0.8347222222222223 0.6484375 0.8472222222222222 0.64765625 0.8638888888888889 0.64453125 0.875 0.63984375 0.8833333333333333 0.63203125 0.8902777777777777 0.621875 0.8902777777777777 0.61640625 0.8861111111111111 0.60859375 0.8736111111111111 0.60546875 0.8597222222222223 0.60625 0.8402777777777778 0.61171875 0.8236111111111111 0.61640625 0.8166666666666667 0.6265625 0.8125
1 0.51953125 0.5361111111111111 0.5296875 0.55 0.53203125 0.5611111111111111 0.53203125 0.5791666666666667 0.5234375 0.6013888888888889 0.515625 0.6069444444444444 0.5078125 0.6069444444444444 0.4984375 0.5986111111111111 0.4921875 0.5833333333333334 0.49140625 0.5638888888888889 0.49375 0.5513888888888889 0.50078125 0.5388888888888889 0.51171875 0.5333333333333333 0.51875 0.5361111111111111
1 0.57578125 0.4444444444444444 0.58515625 0.4583333333333333 0.58828125 0.4708333333333333 0.58828125 0.4875 0.5828125 0.5041666666666667 0.57265625 0.5152777777777777 0.565625 0.5152777777777777 0.55546875 0.5083333333333333 0.55 0.49722222222222223 0.54765625 0.4736111111111111 0.5515625 0.45694444444444443 0.5578125 0.44722222222222224 0.5640625 0.44305555555555554 0.575 0.4444444444444444