0 0.5578125 0.7111111111111111 0.56796875 0.7180555555555556 0.575 0.7305555555555555 0.57734375 0.7416666666666667 0.57734375 0.7541666666666667 0.57421875 0.7680555555555556 0.56796875 0.7805555555555556 0.5609375 0.7875 0.55 0.7875 0.53984375 0.7791666666666667 0.53203125 0.7569444444444444 0.53203125 0.7402777777777778 0.53515625 0.7291666666666666 0.54609375 0.7138888888888889 0.55703125 0.7111111111111111
0 0.625 0.7111111111111111 0.63359375 0.7236111111111111 0.6359375 0.7347222222222223 0.6359375 0.7486111111111111 0.63125 0.7680555555555556 0.62421875 0.7791666666666667 0.6171875 0.7833333333333333 0.6046875 0.7791666666666667 0.5953125 0.7680555555555556 0.59140625 0.7541666666666667 0.59140625 0.7361111111111112 0.59765625 0.7180555555555556 0.60546875 0.7097222222222223 0.61875 0.7069444444444445 0.62421875 0.7111111111111111
0 0.48984375 0.3263888888888889 0.49765625 0.33194444444444443 0.50546875 0.34305555555555556 0.509375 0.35833333333333334 0.509375 0.3763888888888889 0.50703125 0.3875 0.5015625 0.4 0.48828125 0.4111111111111111 0.475 0.40555555555555556 0.46640625 0.39305555555555555 0.46328125 0.38472222222222224 0.46171875 0.3597222222222222 0.4640625 0.3472222222222222 0.4703125 0.3347222222222222 0.48046875 0.3263888888888889 0.4890625 0.3263888888888889
0 0.62421875 0.6152777777777778 0.6328125 0.6305555555555555 0.63515625 0.6541666666666667 0.63125 0.6722222222222223 0.62421875 0.6847222222222222 0.61640625 0.6902777777777778 0.609375 0.6902777777777778 0.59765625 0.6805555555555556 0.59140625 0.6666666666666666 0.58984375 0.6444444444444445 0.5921875 0.6305555555555555 0.59921875 0.6180555555555556 0.60546875 0.6125 0.61796875 0.6111111111111112 0.6234375 0.6152777777777778
0 0.67265625 0.4125 0.68203125 0.41805555555555557 0.68984375 0.4305555555555556 0.69296875 0.44305555555555554 0.69296875 0.4583333333333333 0.68984375 0.4736111111111111 0.6859375 0.48194444444444445 0.6765625 0.49166666666666664 0.66796875 0.49444444444444446 0.66171875 0.49166666666666664 0.6515625 0.48055555555555557 0.646875 0.4625 0.646875 0.4444444444444444 0.65078125 0.4305555555555556 0.65703125 0.41944444444444445 0.66328125 0.41388888888888886 0.671875 0.4125
0 0.44453125 0.7236111111111111 0.45546875 0.7388888888888889 0.45859375 0.7569444444444444 0.45703125 0.7736111111111111 0.45390625 0.7833333333333333 0.45 0.7902777777777777 0.43984375 0.7972222222222223 0.42578125 0.7930555555555555 0.4171875 0.7805555555555556 0.41328125 0.7638888888888888 0.41328125 0.7486111111111111 0.41796875 0.7333333333333333 0.428125 0.7222222222222222 0.4390625 0.7208333333333333 0.44375 0.7236111111111111
0 0.7421875 0.7 0.75234375 0.7166666666666667 0.75390625 0.7388888888888889 0.75 0.7555555555555555 0.74453125 0.7652777777777777 0.7359375 0.7722222222222223 0.7265625 0.7722222222222223 0.71875 0.7666666666666667 0.71171875 0.7527777777777778 0.71015625 0.7263888888888889 0.715625 0.7097222222222223 0.721875 0.7013888888888888 0.7296875 0.6972222222222222 0.74140625 0.7
0 0.496875 0.6208333333333333 0.50859375 0.6305555555555555 0.5125 0.6375 0.515625 0.6513888888888889 0.515625 0.6652777777777777 0.5125 0.6819444444444445 0.50703125 0.6930555555555555 0.49765625 0.7 0.490625 0.7 0.48046875 0.6930555555555555 0.47265625 0.6805555555555556 0.46953125 0.6652777777777777 0.4703125 0.6472222222222223 0.47578125 0.6319444444444444 0.4875 0.6208333333333333 0.49609375 0.6208333333333333
0 0.49609375 0.42777777777777776 0.5078125 0.44305555555555554 0.51171875 0.4583333333333333 0.51171875 0.475 0.5046875 0.49722222222222223 0.4921875 0.5083333333333333 0.48359375 0.5083333333333333 0.4734375 0.5 0.46953125 0.4930555555555556 0.46484375 0.475 0.46484375 0.45555555555555555 0.46640625 0.44722222222222224 0.47421875 0.43194444444444446 0.48125 0.4263888888888889 0.4953125 0.42777777777777776
0 0.5625 0.5236111111111111 0.57109375 0.5388888888888889 0.57421875 0.5583333333333333 0.56953125 0.5833333333333334 0.56484375 0.5930555555555556 0.55703125 0.6 0.54296875 0.5986111111111111 0.5375 0.5930555555555556 0.52890625 0.5763888888888888 0.52734375 0.5527777777777778 0.53125 0.5361111111111111 0.5390625 0.5236111111111111 0.54609375 0.5194444444444445 0.55625 0.5194444444444445 0.56171875 0.5236111111111111
1 0.553125 0.3236111111111111 0.56328125 0.3333333333333333 0.56953125 0.3527777777777778 0.56953125 0.36944444444444446 0.56640625 0.3861111111111111 0.5609375 0.3972222222222222 0.55390625 0.4041666666666667 0.540625 0.4041666666666667 0.53203125 0.3972222222222222 0.52578125 0.38472222222222224 0.5234375 0.3736111111111111 0.525 0.3472222222222222 0.53203125 0.33055555555555555 0.54296875 0.32222222222222224 0.55234375 0.3236111111111111
1 0.67734375 0.6083333333333333 0.6859375 0.6152777777777778 0.690625 0.625 0.69296875 0.6361111111111111 0.69296875 0.6527777777777778 0.68984375 0.6666666666666666 0.6859375 0.675 0.678125 0.6833333333333333 0.66484375 0.6833333333333333 0.66015625 0.6805555555555556 0.653125 0.6708333333333333 0.64921875 0.6527777777777778 0.65078125 0.6333333333333333 0.65859375 0.6152777777777778 0.66796875 0.6083333333333333 0.6765625 0.6083333333333333
1 0.67578125 0.7027777777777777 0.68671875 0.7097222222222223 0.6921875 0.7208333333333333 0.69453125 0.7333333333333333 0.6921875 0.7569444444444444 0.68671875 0.7694444444444445 0.678125 0.7777777777777778 0.6671875 0.7777777777777778 0.659375 0.7722222222222223 0.653125 0.7611111111111111 0.65 0.7444444444444445 0.6515625 0.7291666666666666 0.6578125 0.7138888888888889 0.6640625 0.7069444444444445 0.675 0.7027777777777777
1 0.5546875 0.4222222222222222 0.5640625 0.4305555555555556 0.56953125 0.44166666666666665 0.571875 0.4527777777777778 0.57109375 0.475 0.5671875 0.4888888888888889 0.5609375 0.4986111111111111 0.5546875 0.5027777777777778 0.5453125 0.5027777777777778 0.53515625 0.49583333333333335 0.52890625 0.4847222222222222 0.52578125 0.46944444444444444 0.52734375 0.44305555555555554 0.53359375 0.4305555555555556 0.54375 0.4222222222222222 0.55390625 0.4222222222222222
1 0.49296875 0.22916666666666666 0.50234375 0.24305555555555555 0.50625 0.25972222222222224 0.50625 0.275 0.503125 0.28888888888888886 0.49609375 0.30277777777777776 0.4859375 0.30972222222222223 0.47421875 0.30694444444444446 0.4640625 0.29305555555555557 0.46015625 0.2763888888888889 0.46015625 0.25555555555555554 0.4625 0.24444444444444444 0.46875 0.23333333333333334 0.475 0.22777777777777777 0.4890625 0.2263888888888889 0.4921875 0.22916666666666666
1 0.68125 0.5152777777777777 0.6890625 0.5263888888888889 0.6921875 0.5402777777777777 0.6921875 0.5583333333333333 0.6890625 0.5722222222222222 0.68125 0.5847222222222223 0.67578125 0.5888888888888889 0.66328125 0.5888888888888889 0.6546875 0.5805555555555556 0.64921875 0.5666666666666667 0.64765625 0.5527777777777778 0.65078125 0.5319444444444444 0.65859375 0.5180555555555556 0.67109375 0.5111111111111111 0.68046875 0.5152777777777777
1 0.4953125 0.525 0.50546875 0.5333333333333333 0.5109375 0.5444444444444444 0.51328125 0.5555555555555556 0.51171875 0.5847222222222223 0.5046875 0.5986111111111111 0.4953125 0.6055555555555555 0.4875 0.6055555555555555 0.48125 0.6013888888888889 0.46953125 0.5847222222222223 0.4671875 0.5722222222222222 0.46796875 0.55 0.475 0.5333333333333333 0.484375 0.525 0.49453125 0.525
1 0.5625 0.6194444444444445 0.57265625 0.6347222222222222 0.57578125 0.6486111111111111 0.57578125 0.6583333333333333 0.56953125 0.6833333333333333 0.56328125 0.6916666666666667 0.55546875 0.6958333333333333 0.54296875 0.6916666666666667 0.5359375 0.6819444444444445 0.5296875 0.6638888888888889 0.5296875 0.6458333333333334 0.53359375 0.6319444444444444 0.54296875 0.6194444444444445 0.55 0.6166666666666667 0.56171875 0.6194444444444445
1 0.73359375 0.6027777777777777 0.740625 0.6055555555555555 0.7484375 0.6152777777777778 0.753125 0.6319444444444444 0.753125 0.6472222222222223 0.74921875 0.6638888888888889 0.74296875 0.6736111111111112 0.7359375 0.6791666666666667 0.7203125 0.6763888888888889 0.71328125 0.6680555555555555 0.709375 0.6555555555555556 0.709375 0.6347222222222222 0.71484375 0.6166666666666667 0.7234375 0.6055555555555555 0.7328125 0.6027777777777777
1 0.50546875 0.7208333333333333 0.515625 0.7361111111111112 0.51796875 0.7555555555555555 0.51328125 0.7777777777777778 0.50859375 0.7861111111111111 0.5 0.7930555555555555 0.48671875 0.7902777777777777 0.47734375 0.7791666666666667 0.47265625 0.7625 0.47265625 0.7458333333333333 0.47890625 0.7277777777777777 0.4875 0.7180555555555556 0.49921875 0.7166666666666667 0.5046875 0.7208333333333333