0 0.50625 0.7222222222222222 0.515625 0.7347222222222223 0.51875 0.7430555555555556 0.5203125 0.7583333333333333 0.51875 0.7722222222222223 0.51328125 0.7861111111111111 0.50234375 0.7958333333333333 0.49140625 0.7944444444444444 0.48203125 0.7861111111111111 0.47734375 0.7763888888888889 0.475 0.7652777777777777 0.475 0.7472222222222222 0.47890625 0.7347222222222223 0.4875 0.7222222222222222 0.4921875 0.7194444444444444 0.50234375 0.7194444444444444 0.50546875 0.7222222222222222
0 0.5640625 0.7166666666666667 0.5734375 0.7263888888888889 0.57734375 0.7347222222222223 0.5796875 0.7583333333333333 0.57421875 0.7791666666666667 0.56171875 0.7930555555555555 0.553125 0.7930555555555555 0.54296875 0.7847222222222222 0.53515625 0.7652777777777777 0.534375 0.7472222222222222 0.5390625 0.7305555555555555 0.5453125 0.7208333333333333 0.55546875 0.7152777777777778 0.56328125 0.7166666666666667
0 0.62890625 0.7152777777777778 0.6375 0.7291666666666666 0.63984375 0.7416666666666667 0.6390625 0.7569444444444444 0.63671875 0.7680555555555556 0.6296875 0.7819444444444444 0.61875 0.7888888888888889 0.609375 0.7861111111111111 0.59765625 0.7708333333333334 0.59453125 0.7583333333333333 0.5953125 0.7402777777777778 0.6015625 0.7222222222222222 0.6125 0.7111111111111111 0.62265625 0.7111111111111111 0.628125 0.7152777777777778
0 0.496875 0.32916666666666666 0.5046875 0.3375 0.50859375 0.3458333333333333 0.51171875 0.3611111111111111 0.51171875 0.37777777777777777 0.50859375 0.3902777777777778 0.503125 0.4013888888888889 0.4875 0.4111111111111111 0.47421875 0.4027777777777778 0.46796875 0.39305555555555555 0.4640625 0.3763888888888889 0.4640625 0.3597222222222222 0.4671875 0.34444444444444444 0.4734375 0.3333333333333333 0.4828125 0.3263888888888889 0.49296875 0.3263888888888889 0.49609375 0.32916666666666666
0 0.61875 0.6138888888888889 0.63046875 0.6222222222222222 0.63671875 0.6361111111111111 0.63828125 0.6444444444444445 0.63828125 0.6597222222222222 0.6359375 0.6736111111111112 0.6296875 0.6861111111111111 0.621875 0.6930555555555555 0.61015625 0.6930555555555555 0.603125 0.6875 0.5953125 0.6736111111111112 0.59296875 0.6555555555555556 0.59453125 0.6388888888888888 0.59921875 0.6263888888888889 0.609375 0.6152777777777778 0.61796875 0.6138888888888889
0 0.50234375 0.625 0.509375 0.6319444444444444 0.51640625 0.6458333333333334 0.51796875 0.6694444444444444 0.51484375 0.6833333333333333 0.50859375 0.6958333333333333 0.4984375 0.7027777777777777 0.48828125 0.7013888888888888 0.47734375 0.6888888888888889 0.4734375 0.6805555555555556 0.47109375 0.6569444444444444 0.4734375 0.6430555555555556 0.48203125 0.6291666666666667 0.4890625 0.6236111111111111 0.5015625 0.625
0 0.56640625 0.5277777777777778 0.57421875 0.5402777777777777 0.5765625 0.5527777777777778 0.5765625 0.5694444444444444 0.56953125 0.5916666666666667 0.56640625 0.5972222222222222 0.5578125 0.6027777777777777 0.54296875 0.5986111111111111 0.5375 0.5916666666666667 0.53125 0.5777777777777777 0.5296875 0.5555555555555556 0.53515625 0.5347222222222222 0.54375 0.5236111111111111 0.55546875 0.5208333333333334 0.565625 0.5277777777777778
1 0.55859375 0.4236111111111111 0.5671875 0.43194444444444446 0.57265625 0.44305555555555554 0.575 0.45555555555555555 0.575 0.4736111111111111 0.5671875 0.49444444444444446 0.55546875 0.5041666666666667 0.54296875 0.5013888888888889 0.5328125 0.4888888888888889 0.528125 0.4736111111111111 0.528125 0.45416666666666666 0.53125 0.44027777777777777 0.5375 0.42916666666666664 0.5453125 0.4236111111111111 0.5578125 0.4236111111111111
1 0.62109375 0.5180555555555556 0.6296875 0.5263888888888889 0.634375 0.5361111111111111 0.63671875 0.5458333333333333 0.63671875 0.5680555555555555 0.63125 0.5847222222222223 0.61875 0.5972222222222222 0.60703125 0.5958333333333333 0.59453125 0.5805555555555556 0.59140625 0.5680555555555555 0.59140625 0.5472222222222223 0.59453125 0.5347222222222222 0.60234375 0.5222222222222223 0.6125 0.5166666666666667 0.6203125 0.5180555555555556
1 0.4953125 0.42777777777777776 0.503125 0.43333333333333335 0.50859375 0.44166666666666665 0.51328125 0.4583333333333333 0.51328125 0.475 0.50859375 0.49583333333333335 0.5015625 0.5055555555555555 0.49453125 0.5097222222222222 0.48515625 0.5083333333333333 0.4734375 0.49722222222222223 0.46875 0.4875 0.46640625 0.47638888888888886 0.4671875 0.4527777777777778 0.4734375 0.4375 0.484375 0.42777777777777776 0.49453125 0.42777777777777776
1 0.4390625 0.7236111111111111 0.45 0.7305555555555555 0.45703125 0.7430555555555556 0.46015625 0.7583333333333333 0.459375 0.7722222222222223 0.45625 0.7847222222222222 0.45078125 0.7944444444444444 0.44375 0.8 0.434375 0.8 0.42578125 0.7944444444444444 0.4171875 0.7791666666666667 0.41484375 0.7666666666666667 0.41484375 0.7555555555555555 0.41796875 0.7402777777777778 0.428125 0.7263888888888889 0.43828125 0.7236111111111111
1 0.559375 0.6194444444444445 0.5671875 0.625 0.575 0.6375 0.578125 0.6486111111111111 0.578125 0.6666666666666666 0.57421875 0.6819444444444445 0.5703125 0.6888888888888889 0.5640625 0.6958333333333333 0.55703125 0.6986111111111111 0.54375 0.6930555555555555 0.5359375 0.6819444444444445 0.5328125 0.6694444444444444 0.53203125 0.6527777777777778 0.53515625 0.6375 0.540625 0.6277777777777778 0.54765625 0.6208333333333333 0.55859375 0.6194444444444445
1 0.6875 0.7111111111111111 0.696875 0.725 0.69921875 0.7361111111111112 0.69921875 0.7513888888888889 0.69296875 0.7722222222222223 0.68671875 0.7805555555555556 0.67890625 0.7847222222222222 0.66875 0.7819444444444444 0.66171875 0.775 0.65625 0.7625 0.6546875 0.7416666666666667 0.6578125 0.7263888888888889 0.665625 0.7138888888888889 0.6734375 0.7083333333333334 0.68671875 0.7111111111111111
1 0.49921875 0.5277777777777778 0.50625 0.5333333333333333 0.51328125 0.5472222222222223 0.515625 0.5555555555555556 0.515625 0.5736111111111111 0.51328125 0.5861111111111111 0.50625 0.6 0.4953125 0.6069444444444444 0.4828125 0.6027777777777777 0.47109375 0.5847222222222223 0.46953125 0.5777777777777777 0.46953125 0.5555555555555556 0.4734375 0.5402777777777777 0.4796875 0.5319444444444444 0.4875 0.5263888888888889 0.4984375 0.5277777777777778