0 0.55625 0.7138888888888889 0.56328125 0.7194444444444444 0.56953125 0.7305555555555555 0.57265625 0.7541666666666667 0.5703125 0.7680555555555556 0.5640625 0.7819444444444444 0.55859375 0.7875 0.55 0.7902777777777777 0.53984375 0.7861111111111111 0.53125 0.7722222222222223 0.528125 0.7597222222222222 0.528125 0.7416666666666667 0.53125 0.7305555555555555 0.5390625 0.7180555555555556 0.5453125 0.7138888888888889 0.55546875 0.7138888888888889
0 0.49765625 0.7194444444444444 0.50625 0.7277777777777777 0.51171875 0.7388888888888889 0.51328125 0.7625 0.51171875 0.7722222222222223 0.50546875 0.7861111111111111 0.49453125 0.7944444444444444 0.48515625 0.7930555555555555 0.47734375 0.7861111111111111 0.47265625 0.7777777777777778 0.46875 0.7625 0.46875 0.7472222222222222 0.4703125 0.7375 0.478125 0.7236111111111111 0.4875 0.7180555555555556 0.496875 0.7194444444444444
0 0.61640625 0.7097222222222223 0.6234375 0.7152777777777778 0.6296875 0.7263888888888889 0.63203125 0.7361111111111112 0.63203125 0.7527777777777778 0.62890625 0.7652777777777777 0.62265625 0.7777777777777778 0.6125 0.7861111111111111 0.603125 0.7833333333333333 0.59140625 0.7694444444444445 0.5875 0.7555555555555555 0.5875 0.7388888888888889 0.590625 0.7277777777777777 0.5984375 0.7138888888888889 0.60625 0.7083333333333334 0.615625 0.7097222222222223
0 0.6125 0.6125 0.62265625 0.6208333333333333 0.63046875 0.6416666666666667 0.63046875 0.6569444444444444 0.6265625 0.6736111111111112 0.621875 0.6833333333333333 0.6125 0.6916666666666667 0.6046875 0.6916666666666667 0.5953125 0.6847222222222222 0.5875 0.6708333333333333 0.58515625 0.6611111111111111 0.58671875 0.6375 0.59140625 0.625 0.6015625 0.6138888888888889 0.61171875 0.6125
0 0.55546875 0.5236111111111111 0.56328125 0.5319444444444444 0.5671875 0.5402777777777777 0.56953125 0.5527777777777778 0.56953125 0.5666666666666667 0.5671875 0.5819444444444445 0.56171875 0.5930555555555556 0.54921875 0.6013888888888889 0.53828125 0.5986111111111111 0.5265625 0.5847222222222223 0.52265625 0.5666666666666667 0.52265625 0.5527777777777778 0.525 0.5416666666666666 0.534375 0.525 0.54140625 0.5208333333333334 0.5515625 0.5208333333333334 0.5546875 0.5236111111111111
0 0.3765625 0.7277777777777777 0.3890625 0.7402777777777778 0.39453125 0.7597222222222222 0.39375 0.7791666666666667 0.39140625 0.7861111111111111 0.38515625 0.7972222222222223 0.378125 0.8027777777777778 0.36796875 0.8027777777777778 0.359375 0.7958333333333333 0.3515625 0.7805555555555556 0.35 0.7708333333333334 0.35078125 0.75 0.3546875 0.7388888888888889 0.3640625 0.7291666666666666 0.37578125 0.7277777777777777
0 0.4984375 0.6263888888888889 0.50859375 0.6402777777777777 0.51171875 0.6541666666666667 0.51171875 0.6680555555555555 0.50703125 0.6861111111111111 0.50078125 0.6958333333333333 0.49296875 0.7013888888888888 0.4828125 0.7 0.47109375 0.6888888888888889 0.46640625 0.6763888888888889 0.46484375 0.6569444444444444 0.46640625 0.6444444444444445 0.4765625 0.6263888888888889 0.48359375 0.6222222222222222 0.4921875 0.6222222222222222 0.49765625 0.6263888888888889
0 0.60625 0.4166666666666667 0.6140625 0.41944444444444445 0.62109375 0.42777777777777776 0.62578125 0.4375 0.628125 0.45 0.62734375 0.46805555555555556 0.62265625 0.4861111111111111 0.61796875 0.4930555555555556 0.6078125 0.5 0.6015625 0.5 0.5921875 0.4930555555555556 0.58515625 0.48194444444444445 0.58203125 0.4652777777777778 0.5828125 0.44583333333333336 0.5875 0.4305555555555556 0.596875 0.41944444444444445 0.60546875 0.4166666666666667
1 0.55078125 0.4236111111111111 0.55859375 0.4305555555555556 0.5640625 0.44027777777777777 0.5671875 0.45 0.56796875 0.46805555555555556 0.5640625 0.4861111111111111 0.55390625 0.5013888888888889 0.5484375 0.5041666666666667 0.53671875 0.5027777777777778 0.52578125 0.49027777777777776 0.521875 0.47638888888888886 0.52109375 0.45416666666666666 0.5234375 0.44027777777777777 0.53203125 0.42777777777777776 0.5421875 0.4222222222222222 0.55 0.4236111111111111
1 0.61171875 0.5166666666666667 0.61953125 0.5222222222222223 0.6265625 0.5361111111111111 0.62890625 0.5638888888888889 0.62421875 0.5819444444444445 0.6203125 0.5888888888888889 0.6078125 0.5972222222222222 0.59765625 0.5944444444444444 0.5875 0.5805555555555556 0.584375 0.5708333333333333 0.58359375 0.55 0.5859375 0.5375 0.5921875 0.525 0.6 0.5180555555555556 0.6109375 0.5166666666666667
1 0.4875 0.42777777777777776 0.49453125 0.43194444444444446 0.5015625 0.44166666666666665 0.50625 0.45555555555555555 0.50703125 0.4736111111111111 0.50390625 0.4888888888888889 0.4984375 0.5013888888888889 0.484375 0.5111111111111111 0.47578125 0.5083333333333333 0.46484375 0.49444444444444446 0.4609375 0.48194444444444445 0.459375 0.46111111111111114 0.4625 0.44583333333333336 0.46640625 0.4375 0.4765625 0.42777777777777776 0.48671875 0.42777777777777776
1 0.4359375 0.7236111111111111 0.44375 0.7291666666666666 0.45078125 0.7416666666666667 0.45390625 0.7527777777777778 0.45390625 0.7680555555555556 0.45078125 0.7819444444444444 0.4453125 0.7916666666666666 0.43671875 0.7986111111111112 0.428125 0.7986111111111112 0.41796875 0.7902777777777777 0.41171875 0.7791666666666667 0.40859375 0.7625 0.41015625 0.7444444444444445 0.41484375 0.7333333333333333 0.4234375 0.725 0.43515625 0.7236111111111111
1 0.553125 0.6180555555555556 0.5625 0.625 0.5671875 0.6333333333333333 0.57109375 0.6527777777777778 0.5703125 0.6680555555555555 0.56640625 0.6819444444444445 0.5625 0.6888888888888889 0.55390625 0.6958333333333333 0.54375 0.6958333333333333 0.53515625 0.6888888888888889 0.53046875 0.6819444444444445 0.52578125 0.6652777777777777 0.52578125 0.6486111111111111 0.53125 0.6291666666666667 0.540625 0.6194444444444445 0.55234375 0.6180555555555556
1 0.67578125 0.7055555555555556 0.684375 0.7138888888888889 0.68828125 0.7222222222222222 0.690625 0.7319444444444444 0.690625 0.7472222222222222 0.6859375 0.7652777777777777 0.675 0.7791666666666667 0.66171875 0.7791666666666667 0.65625 0.775 0.6515625 0.7680555555555556 0.646875 0.7527777777777778 0.646875 0.7361111111111112 0.65390625 0.7152777777777778 0.66015625 0.7083333333333334 0.675 0.7055555555555556
1 0.49140625 0.5263888888888889 0.5 0.5333333333333333 0.5046875 0.5416666666666666 0.50859375 0.5541666666666667 0.509375 0.5708333333333333 0.5046875 0.5902777777777778 0.4984375 0.6013888888888889 0.490625 0.6069444444444444 0.48046875 0.6055555555555555 0.47109375 0.5972222222222222 0.46640625 0.5888888888888889 0.4625 0.5722222222222222 0.46328125 0.5527777777777778 0.4703125 0.5347222222222222 0.4796875 0.5263888888888889 0.490625 0.5263888888888889
1 0.678125 0.6125 0.68828125 0.6305555555555555 0.68984375 0.6541666666666667 0.6859375 0.6680555555555555 0.6796875 0.6791666666666667 0.6703125 0.6861111111111111 0.6609375 0.6847222222222222 0.65078125 0.675 0.64609375 0.6625 0.6453125 0.6444444444444445 0.65 0.625 0.6578125 0.6125 0.6640625 0.6097222222222223 0.67421875 0.6097222222222223 0.67734375 0.6125