0 0.6171875 0.4222222222222222 0.6265625 0.44027777777777777 0.628125 0.4625 0.62265625 0.4861111111111111 0.6171875 0.49444444444444446 0.609375 0.5 0.59765625 0.4986111111111111 0.584375 0.48055555555555557 0.58203125 0.4666666666666667 0.5828125 0.44722222222222224 0.5875 0.4305555555555556 0.59453125 0.42083333333333334 0.6109375 0.41805555555555557 0.61640625 0.4222222222222222
0 0.55859375 0.7152777777777778 0.565625 0.7222222222222222 0.5703125 0.7319444444444444 0.57265625 0.7555555555555555 0.56796875 0.775 0.56171875 0.7847222222222222 0.553125 0.7902777777777777 0.5421875 0.7875 0.53125 0.7722222222222223 0.528125 0.7597222222222222 0.528125 0.7416666666666667 0.53046875 0.7319444444444444 0.5390625 0.7180555555555556 0.5453125 0.7138888888888889 0.5578125 0.7152777777777778
0 0.49765625 0.7194444444444444 0.50546875 0.7263888888888889 0.51171875 0.7388888888888889 0.51328125 0.7444444444444445 0.51328125 0.7638888888888888 0.5109375 0.775 0.50546875 0.7861111111111111 0.49453125 0.7944444444444444 0.484375 0.7930555555555555 0.47265625 0.7791666666666667 0.46875 0.7625 0.46875 0.7472222222222222 0.47109375 0.7361111111111112 0.4765625 0.725 0.4875 0.7180555555555556 0.496875 0.7194444444444444
0 0.615625 0.6138888888888889 0.6234375 0.6222222222222222 0.628125 0.6319444444444444 0.63046875 0.6416666666666667 0.63046875 0.6583333333333333 0.62421875 0.6791666666666667 0.6171875 0.6888888888888889 0.61171875 0.6916666666666667 0.6 0.6888888888888889 0.59140625 0.6791666666666667 0.5859375 0.6652777777777777 0.58515625 0.6486111111111111 0.58828125 0.6319444444444444 0.59453125 0.6194444444444445 0.60390625 0.6125 0.61484375 0.6138888888888889
0 0.5515625 0.5208333333333334 0.56171875 0.5291666666666667 0.5671875 0.5402777777777777 0.56953125 0.5527777777777778 0.56953125 0.5680555555555555 0.5671875 0.5805555555555556 0.56015625 0.5944444444444444 0.55 0.6013888888888889 0.53984375 0.6 0.53046875 0.5916666666666667 0.52578125 0.5819444444444445 0.52265625 0.5597222222222222 0.52421875 0.5444444444444444 0.5296875 0.5319444444444444 0.5390625 0.5222222222222223 0.55078125 0.5208333333333334
0 0.3765625 0.7277777777777777 0.38359375 0.7333333333333333 0.390625 0.7444444444444445 0.39453125 0.7597222222222222 0.39453125 0.775 0.39140625 0.7861111111111111 0.3859375 0.7958333333333333 0.37578125 0.8041666666666667 0.36796875 0.8027777777777778 0.359375 0.7958333333333333 0.3515625 0.7805555555555556 0.35 0.7722222222222223 0.35078125 0.75 0.35625 0.7361111111111112 0.365625 0.7277777777777777 0.37578125 0.7277777777777777
0 0.6203125 0.7125 0.6296875 0.7263888888888889 0.63203125 0.7361111111111112 0.63203125 0.7541666666666667 0.63046875 0.7625 0.62265625 0.7777777777777778 0.6125 0.7861111111111111 0.59921875 0.7805555555555556 0.590625 0.7680555555555556 0.5875 0.7555555555555555 0.5875 0.7388888888888889 0.59140625 0.725 0.603125 0.7097222222222223 0.6125 0.7083333333333334 0.61953125 0.7125
0 0.4984375 0.6263888888888889 0.50859375 0.6402777777777777 0.51171875 0.6527777777777778 0.51171875 0.6694444444444444 0.509375 0.6805555555555556 0.503125 0.6930555555555555 0.49296875 0.7013888888888888 0.4828125 0.7 0.4734375 0.6916666666666667 0.46640625 0.675 0.46484375 0.6597222222222222 0.4671875 0.6430555555555556 0.4765625 0.6263888888888889 0.48359375 0.6222222222222222 0.4921875 0.6222222222222222 0.49765625 0.6263888888888889
0 0.73203125 0.6986111111111111 0.7421875 0.7055555555555556 0.746875 0.7138888888888889 0.75 0.7263888888888889 0.75 0.7458333333333333 0.74453125 0.7625 0.73125 0.775 0.71953125 0.7722222222222223 0.7125 0.7652777777777777 0.70703125 0.7513888888888889 0.70625 0.7402777777777778 0.7078125 0.725 0.715625 0.7069444444444445 0.7234375 0.7 0.73125 0.6986111111111111
1 0.4390625 0.725 0.44921875 0.7375 0.4546875 0.7583333333333333 0.45390625 0.7708333333333334 0.45 0.7847222222222222 0.44453125 0.7930555555555555 0.43671875 0.7986111111111112 0.425 0.7972222222222223 0.415625 0.7875 0.41015625 0.775 0.40859375 0.7527777777777778 0.4109375 0.7416666666666667 0.41796875 0.7291666666666666 0.42578125 0.7236111111111111 0.43828125 0.725
1 0.54765625 0.4222222222222222 0.55859375 0.4305555555555556 0.5640625 0.44027777777777777 0.56796875 0.45694444444444443 0.5671875 0.475 0.56328125 0.4875 0.5578125 0.49722222222222223 0.54921875 0.5041666666666667 0.53984375 0.5041666666666667 0.52890625 0.49583333333333335 0.525 0.4888888888888889 0.52109375 0.4708333333333333 0.52109375 0.45416666666666666 0.52421875 0.4388888888888889 0.53515625 0.425 0.546875 0.4222222222222222
1 0.4875 0.32916666666666666 0.49375 0.3333333333333333 0.5015625 0.3472222222222222 0.5046875 0.3625 0.5046875 0.3736111111111111 0.5 0.39444444444444443 0.4953125 0.4027777777777778 0.48515625 0.4111111111111111 0.475 0.4111111111111111 0.46640625 0.4041666666666667 0.4609375 0.39305555555555555 0.45703125 0.37083333333333335 0.459375 0.3486111111111111 0.465625 0.33611111111111114 0.47734375 0.3277777777777778 0.48671875 0.32916666666666666
1 0.61484375 0.5180555555555556 0.61953125 0.5222222222222223 0.6265625 0.5361111111111111 0.62890625 0.5458333333333333 0.62890625 0.5638888888888889 0.6234375 0.5847222222222223 0.61640625 0.5930555555555556 0.60703125 0.5972222222222222 0.59765625 0.5944444444444444 0.5875 0.5805555555555556 0.584375 0.5694444444444444 0.58359375 0.5513888888888889 0.5859375 0.5375 0.59453125 0.5222222222222223 0.603125 0.5166666666666667 0.6140625 0.5180555555555556
1 0.4890625 0.42777777777777776 0.49765625 0.43472222222222223 0.50234375 0.44305555555555554 0.50625 0.45694444444444443 0.50703125 0.4736111111111111 0.5015625 0.49583333333333335 0.4921875 0.5083333333333333 0.4859375 0.5111111111111111 0.47734375 0.5097222222222222 0.46953125 0.5027777777777778 0.46484375 0.49444444444444446 0.459375 0.4722222222222222 0.459375 0.46111111111111114 0.4625 0.44583333333333336 0.47265625 0.4305555555555556 0.4765625 0.42777777777777776 0.48828125 0.42777777777777776
1 0.55234375 0.6180555555555556 0.5609375 0.6236111111111111 0.565625 0.6305555555555555 0.57109375 0.6527777777777778 0.56953125 0.6722222222222223 0.565625 0.6847222222222222 0.5546875 0.6958333333333333 0.5390625 0.6930555555555555 0.53046875 0.6819444444444445 0.52578125 0.6666666666666666 0.52578125 0.6486111111111111 0.53125 0.6291666666666667 0.54140625 0.6194444444444445 0.5515625 0.6180555555555556
1 0.675 0.7055555555555556 0.6859375 0.7166666666666667 0.68984375 0.7291666666666666 0.690625 0.7458333333333333 0.6859375 0.7652777777777777 0.67421875 0.7791666666666667 0.66171875 0.7791666666666667 0.65625 0.775 0.6515625 0.7680555555555556 0.646875 0.7541666666666667 0.646875 0.7347222222222223 0.653125 0.7166666666666667 0.6625 0.7069444444444445 0.67421875 0.7055555555555556
1 0.49140625 0.5263888888888889 0.50078125 0.5347222222222222 0.50625 0.5458333333333333 0.509375 0.5597222222222222 0.509375 0.5708333333333333 0.50625 0.5861111111111111 0.5015625 0.5972222222222222 0.48984375 0.6069444444444444 0.47890625 0.6041666666666666 0.4671875 0.5902777777777778 0.46328125 0.5777777777777777 0.4625 0.5569444444444445 0.46640625 0.5416666666666666 0.4734375 0.5305555555555556 0.484375 0.525 0.490625 0.5263888888888889
1 0.675 0.6097222222222223 0.68203125 0.6166666666666667 0.68828125 0.6305555555555555 0.68984375 0.6541666666666667 0.6828125 0.675 0.67734375 0.6819444444444445 0.66796875 0.6861111111111111 0.65703125 0.6819444444444445 0.64921875 0.6722222222222223 0.6453125 0.6555555555555556 0.64609375 0.6375 0.65 0.625 0.65703125 0.6138888888888889 0.6640625 0.6097222222222223 0.67421875 0.6097222222222223