0 0.59609375 0.6472222222222223 0.60546875 0.6527777777777778 0.6125 0.6652777777777777 0.61640625 0.6791666666666667 0.6171875 0.6986111111111111 0.6140625 0.7152777777777778 0.60546875 0.7305555555555555 0.59296875 0.7375 0.58203125 0.7347222222222223 0.5703125 0.7180555555555556 0.5671875 0.7055555555555556 0.5671875 0.6805555555555556 0.57109375 0.6666666666666666 0.5765625 0.6569444444444444 0.58515625 0.6486111111111111 0.5953125 0.6472222222222223
0 0.58828125 0.425 0.603125 0.43333333333333335 0.6125 0.4527777777777778 0.61328125 0.4791666666666667 0.60859375 0.5 0.603125 0.5097222222222222 0.596875 0.5152777777777777 0.58359375 0.5166666666666667 0.57265625 0.5083333333333333 0.5671875 0.4986111111111111 0.56328125 0.48333333333333334 0.5640625 0.45416666666666666 0.57421875 0.43333333333333335 0.58046875 0.42777777777777776 0.5875 0.4263888888888889
0 0.53203125 0.7625 0.54296875 0.7722222222222223 0.55 0.7875 0.5515625 0.8166666666666667 0.54765625 0.8319444444444445 0.54140625 0.8430555555555556 0.52890625 0.8513888888888889 0.51640625 0.8486111111111111 0.5078125 0.8388888888888889 0.50078125 0.8208333333333333 0.5 0.8027777777777778 0.503125 0.7861111111111111 0.51015625 0.7722222222222223 0.51875 0.7638888888888888 0.53125 0.7625
0 0.53359375 0.8722222222222222 0.540625 0.8763888888888889 0.55 0.8902777777777777 0.553125 0.9 0.55390625 0.9208333333333333 0.55234375 0.9319444444444445 0.546875 0.9472222222222222 0.53671875 0.9583333333333334 0.53046875 0.9611111111111111 0.521875 0.9597222222222223 0.51171875 0.9513888888888888 0.50390625 0.9333333333333333 0.50234375 0.9125 0.5046875 0.8972222222222223 0.515625 0.8777777777777778 0.52578125 0.8722222222222222 0.5328125 0.8722222222222222
0 0.60625 0.8694444444444445 0.61171875 0.875 0.61953125 0.8916666666666667 0.6203125 0.9208333333333333 0.6125 0.9430555555555555 0.5984375 0.9555555555555556 0.58671875 0.9527777777777777 0.58046875 0.9472222222222222 0.5734375 0.9347222222222222 0.5703125 0.9208333333333333 0.5703125 0.9027777777777778 0.5734375 0.8875 0.5828125 0.8722222222222222 0.5921875 0.8666666666666667 0.60546875 0.8694444444444445
0 0.66796875 0.8611111111111112 0.675 0.8652777777777778 0.6828125 0.8777777777777778 0.6875 0.9041666666666667 0.68046875 0.9319444444444445 0.67265625 0.9430555555555555 0.665625 0.9472222222222222 0.65546875 0.9472222222222222 0.646875 0.9388888888888889 0.6390625 0.9222222222222223 0.6375 0.9041666666666667 0.63984375 0.8847222222222222 0.64609375 0.8708333333333333 0.65703125 0.8611111111111112 0.6671875 0.8611111111111112
0 0.39375 0.7736111111111111 0.40546875 0.7819444444444444 0.41171875 0.7930555555555555 0.41484375 0.8083333333333333 0.41484375 0.8305555555555556 0.41171875 0.8416666666666667 0.4046875 0.8541666666666666 0.3921875 0.8625 0.3796875 0.8597222222222223 0.37265625 0.8527777777777777 0.365625 0.8388888888888889 0.36328125 0.8125 0.365625 0.7986111111111112 0.37421875 0.7819444444444444 0.38125 0.775 0.39296875 0.7736111111111111
0 0.396875 0.8833333333333333 0.40859375 0.8930555555555556 0.41484375 0.9055555555555556 0.4171875 0.9166666666666666 0.4171875 0.9361111111111111 0.41484375 0.9486111111111111 0.4046875 0.9666666666666667 0.396875 0.9722222222222222 0.38671875 0.9722222222222222 0.375 0.9625 0.36953125 0.9527777777777777 0.365625 0.9347222222222222 0.365625 0.9180555555555555 0.36875 0.9069444444444444 0.3765625 0.8916666666666667 0.38515625 0.8847222222222222 0.39609375 0.8833333333333333
0 0.73203125 0.7458333333333333 0.74140625 0.7527777777777778 0.7484375 0.7652777777777777 0.75078125 0.775 0.75078125 0.7972222222222223 0.7484375 0.8097222222222222 0.740625 0.825 0.7296875 0.8333333333333334 0.71953125 0.8319444444444445 0.71015625 0.8236111111111111 0.70390625 0.8083333333333333 0.70234375 0.7875 0.70625 0.7680555555555556 0.7125 0.7555555555555555 0.721875 0.7472222222222222 0.73125 0.7458333333333333
0 0.4609375 0.6569444444444444 0.47109375 0.6652777777777777 0.47890625 0.6805555555555556 0.48125 0.6902777777777778 0.48125 0.7166666666666667 0.47734375 0.7291666666666666 0.46953125 0.7416666666666667 0.45625 0.7486111111111111 0.446875 0.7458333333333333 0.434375 0.7291666666666666 0.43046875 0.7138888888888889 0.4296875 0.6986111111111111 0.43203125 0.6833333333333333 0.4390625 0.6680555555555555 0.4484375 0.6583333333333333 0.46015625 0.6569444444444444
1 0.4546875 0.5458333333333333 0.4625 0.5486111111111112 0.46953125 0.5555555555555556 0.47734375 0.5722222222222222 0.4796875 0.5861111111111111 0.47890625 0.6055555555555555 0.475 0.6180555555555556 0.4671875 0.6319444444444444 0.45703125 0.6375 0.446875 0.6361111111111111 0.43828125 0.6277777777777778 0.43125 0.6152777777777778 0.428125 0.6 0.428125 0.5819444444444445 0.4328125 0.5638888888888889 0.4421875 0.55 0.45390625 0.5458333333333333
1 0.6625 0.7513888888888889 0.675 0.7583333333333333 0.68203125 0.7708333333333334 0.68515625 0.7847222222222222 0.68515625 0.8013888888888889 0.68203125 0.8166666666666667 0.6734375 0.8333333333333334 0.6609375 0.8416666666666667 0.65 0.8375 0.63984375 0.8236111111111111 0.6359375 0.8069444444444445 0.6359375 0.7888888888888889 0.64375 0.7638888888888888 0.65390625 0.7527777777777778 0.66171875 0.7513888888888889
1 0.60078125 0.7583333333333333 0.61015625 0.7666666666666667 0.61640625 0.7805555555555556 0.61875 0.7930555555555555 0.61875 0.8083333333333333 0.6140625 0.8277777777777777 0.6078125 0.8388888888888889 0.5953125 0.8472222222222222 0.584375 0.8444444444444444 0.5734375 0.8305555555555556 0.56875 0.8111111111111111 0.56875 0.7944444444444444 0.571875 0.7777777777777778 0.58046875 0.7638888888888888 0.5875 0.7583333333333333 0.6 0.7583333333333333
1 0.59453125 0.5375 0.6046875 0.5444444444444444 0.609375 0.5513888888888889 0.6140625 0.5652777777777778 0.615625 0.5875 0.6109375 0.6083333333333333 0.60390625 0.6208333333333333 0.59296875 0.6277777777777778 0.57890625 0.6236111111111111 0.5703125 0.6125 0.565625 0.5958333333333333 0.56484375 0.575 0.5671875 0.5611111111111111 0.575 0.5458333333333333 0.5828125 0.5388888888888889 0.59375 0.5375
1 0.5265625 0.5416666666666666 0.53671875 0.5486111111111112 0.54375 0.5611111111111111 0.54765625 0.5777777777777777 0.54765625 0.5986111111111111 0.5453125 0.6083333333333333 0.5359375 0.6263888888888889 0.52734375 0.6333333333333333 0.515625 0.6333333333333333 0.5078125 0.6263888888888889 0.50078125 0.6125 0.496875 0.5972222222222222 0.496875 0.5777777777777777 0.50078125 0.5611111111111111 0.5109375 0.5458333333333333 0.5171875 0.5416666666666666 0.52578125 0.5416666666666666
1 0.73515625 0.8555555555555555 0.74296875 0.8611111111111112 0.7484375 0.8708333333333333 0.75234375 0.8888888888888888 0.75234375 0.9027777777777778 0.7484375 0.9208333333333333 0.7390625 0.9361111111111111 0.73046875 0.9416666666666667 0.71953125 0.9402777777777778 0.709375 0.9277777777777778 0.7046875 0.9111111111111111 0.7046875 0.8902777777777777 0.709375 0.8722222222222222 0.715625 0.8625 0.7234375 0.8555555555555555 0.734375 0.8555555555555555
1 0.46484375 0.7694444444444445 0.47421875 0.7777777777777778 0.48046875 0.7902777777777777 0.4828125 0.7986111111111112 0.48359375 0.8180555555555555 0.4828125 0.8277777777777777 0.47890625 0.8402777777777778 0.4703125 0.8527777777777777 0.46171875 0.8583333333333333 0.4546875 0.8583333333333333 0.440625 0.8458333333333333 0.43359375 0.8263888888888888 0.4328125 0.8013888888888889 0.4375 0.7847222222222222 0.44609375 0.7722222222222223 0.45625 0.7680555555555556 0.4640625 0.7694444444444445
1 0.47109375 0.8819444444444444 0.48125 0.8958333333333334 0.48515625 0.9111111111111111 0.48515625 0.9319444444444445 0.48125 0.9486111111111111 0.47578125 0.9583333333333334 0.4625 0.9680555555555556 0.45234375 0.9652777777777778 0.4421875 0.9555555555555556 0.43515625 0.9347222222222222 0.43515625 0.9111111111111111 0.44140625 0.8916666666666667 0.44921875 0.8819444444444444 0.4578125 0.8777777777777778 0.4703125 0.8819444444444444
1 0.53203125 0.6541666666666667 0.53984375 0.6611111111111111 0.546875 0.675 0.55 0.6902777777777778 0.55 0.7041666666666667 0.5484375 0.7152777777777778 0.54375 0.7277777777777777 0.53828125 0.7361111111111112 0.52890625 0.7430555555555556 0.515625 0.7416666666666667 0.5078125 0.7333333333333333 0.50078125 0.7180555555555556 0.4984375 0.6930555555555555 0.5015625 0.675 0.5078125 0.6625 0.5203125 0.6527777777777778 0.53125 0.6541666666666667