0 0.6234375 0.7097222222222223 0.63359375 0.725 0.63515625 0.7513888888888889 0.6296875 0.7708333333333334 0.6203125 0.7819444444444444 0.60703125 0.7805555555555556 0.596875 0.7708333333333334 0.59140625 0.7555555555555555 0.59140625 0.7361111111111112 0.59453125 0.725 0.60078125 0.7138888888888889 0.60703125 0.7083333333333334 0.61953125 0.7069444444444445 0.62265625 0.7097222222222223
0 0.49609375 0.33055555555555555 0.50390625 0.3402777777777778 0.5078125 0.35 0.509375 0.375 0.5015625 0.4 0.4875 0.4111111111111111 0.47421875 0.40555555555555556 0.46640625 0.39305555555555555 0.4625 0.38055555555555554 0.46171875 0.3597222222222222 0.465625 0.34305555555555556 0.47578125 0.32916666666666666 0.48984375 0.3263888888888889 0.4953125 0.33055555555555555
0 0.61875 0.6111111111111112 0.63046875 0.625 0.63359375 0.6361111111111111 0.634375 0.6527777777777778 0.63125 0.6708333333333333 0.62578125 0.6819444444444445 0.6125 0.6902777777777778 0.5984375 0.6819444444444445 0.59375 0.675 0.58984375 0.6583333333333333 0.58984375 0.6430555555555556 0.59140625 0.6333333333333333 0.59765625 0.6194444444444445 0.6078125 0.6111111111111112 0.61796875 0.6111111111111112
0 0.43984375 0.7208333333333333 0.4484375 0.7263888888888889 0.45625 0.7402777777777778 0.4578125 0.7666666666666667 0.45546875 0.7791666666666667 0.45078125 0.7888888888888889 0.4390625 0.7972222222222223 0.4234375 0.7902777777777777 0.41796875 0.7819444444444444 0.4140625 0.7666666666666667 0.4140625 0.7458333333333333 0.41796875 0.7333333333333333 0.428125 0.7222222222222222 0.4390625 0.7208333333333333
0 0.67890625 0.4152777777777778 0.684375 0.42083333333333334 0.690625 0.43333333333333335 0.69296875 0.4444444444444444 0.69296875 0.4583333333333333 0.6890625 0.475 0.68515625 0.48194444444444445 0.67578125 0.49166666666666664 0.67109375 0.4930555555555556 0.6609375 0.49027777777777776 0.65 0.47638888888888886 0.646875 0.4638888888888889 0.646875 0.44722222222222224 0.65078125 0.4305555555555556 0.659375 0.4166666666666667 0.66640625 0.4125 0.678125 0.4152777777777778
0 0.73828125 0.6972222222222222 0.74453125 0.7013888888888888 0.75078125 0.7125 0.753125 0.7222222222222222 0.753125 0.7402777777777778 0.74921875 0.7569444444444444 0.73671875 0.7708333333333334 0.72734375 0.7708333333333334 0.7171875 0.7638888888888888 0.71171875 0.7527777777777778 0.71015625 0.7277777777777777 0.715625 0.7097222222222223 0.7203125 0.7027777777777777 0.72890625 0.6972222222222222 0.7375 0.6972222222222222
0 0.5 0.6222222222222222 0.5078125 0.6291666666666667 0.5125 0.6375 0.51484375 0.6486111111111111 0.51484375 0.6708333333333333 0.50859375 0.6902777777777778 0.4953125 0.7 0.4828125 0.6958333333333333 0.47734375 0.6888888888888889 0.4703125 0.6722222222222223 0.46953125 0.6541666666666667 0.47265625 0.6375 0.4796875 0.6263888888888889 0.490625 0.6194444444444445 0.49921875 0.6222222222222222
0 0.49375 0.4263888888888889 0.5015625 0.43194444444444446 0.5078125 0.44305555555555554 0.51171875 0.4597222222222222 0.51171875 0.46944444444444444 0.50546875 0.49444444444444446 0.5 0.5027777777777778 0.4921875 0.5083333333333333 0.48203125 0.5069444444444444 0.47265625 0.4986111111111111 0.46875 0.49166666666666664 0.46484375 0.47638888888888886 0.46484375 0.45555555555555555 0.4671875 0.4444444444444444 0.47421875 0.43194444444444446 0.48125 0.4263888888888889 0.49296875 0.4263888888888889
0 0.553125 0.5180555555555556 0.5640625 0.525 0.5703125 0.5375 0.5734375 0.5513888888888889 0.5734375 0.5652777777777778 0.56875 0.5847222222222223 0.56328125 0.5944444444444444 0.5546875 0.6 0.54375 0.5986111111111111 0.5375 0.5930555555555556 0.5296875 0.5791666666666667 0.52734375 0.5666666666666667 0.528125 0.5458333333333333 0.5328125 0.5319444444444444 0.540625 0.5222222222222223 0.55234375 0.5180555555555556
0 0.56171875 0.7125 0.56953125 0.7194444444444444 0.57421875 0.7277777777777777 0.57734375 0.7430555555555556 0.57734375 0.7527777777777778 0.57109375 0.775 0.5671875 0.7819444444444444 0.56015625 0.7875 0.55078125 0.7875 0.540625 0.7791666666666667 0.53515625 0.7694444444444445 0.53125 0.7472222222222222 0.534375 0.7319444444444444 0.54140625 0.7180555555555556 0.5515625 0.7111111111111111 0.5609375 0.7125
1 0.55703125 0.3263888888888889 0.5671875 0.3416666666666667 0.56953125 0.3527777777777778 0.56953125 0.3736111111111111 0.56484375 0.3902777777777778 0.55234375 0.4041666666666667 0.540625 0.4041666666666667 0.53125 0.3958333333333333 0.525 0.38055555555555554 0.5234375 0.3597222222222222 0.52578125 0.34305555555555556 0.534375 0.3277777777777778 0.5421875 0.32222222222222224 0.55078125 0.32222222222222224 0.55625 0.3263888888888889
1 0.678125 0.6083333333333333 0.68984375 0.6222222222222222 0.69296875 0.6347222222222222 0.69296875 0.6513888888888889 0.6890625 0.6680555555555555 0.6828125 0.6777777777777778 0.675 0.6833333333333333 0.66484375 0.6833333333333333 0.65625 0.6763888888888889 0.65078125 0.6638888888888889 0.64921875 0.6416666666666667 0.653125 0.625 0.659375 0.6138888888888889 0.6671875 0.6083333333333333 0.67734375 0.6083333333333333
1 0.5546875 0.4222222222222222 0.56171875 0.42777777777777776 0.56796875 0.4375 0.57109375 0.45 0.571875 0.4652777777777778 0.5671875 0.4888888888888889 0.56171875 0.49722222222222223 0.55390625 0.5027777777777778 0.54140625 0.5013888888888889 0.53671875 0.49722222222222223 0.52890625 0.4847222222222222 0.52578125 0.4736111111111111 0.52578125 0.45 0.52890625 0.4388888888888889 0.53828125 0.425 0.54921875 0.42083333333333334 0.55390625 0.4222222222222222
1 0.68359375 0.7069444444444445 0.69296875 0.7236111111111111 0.69453125 0.7333333333333333 0.69375 0.7486111111111111 0.6859375 0.7694444444444445 0.67578125 0.7777777777777778 0.6671875 0.7777777777777778 0.65859375 0.7708333333333334 0.65078125 0.7527777777777778 0.65 0.7388888888888889 0.65390625 0.7208333333333333 0.66171875 0.7083333333333334 0.6734375 0.7027777777777777 0.6828125 0.7069444444444445
1 0.4890625 0.2263888888888889 0.49609375 0.23194444444444445 0.5046875 0.25 0.50625 0.2763888888888889 0.5015625 0.29305555555555557 0.49609375 0.30277777777777776 0.4859375 0.30972222222222223 0.47421875 0.30694444444444446 0.46328125 0.2916666666666667 0.46015625 0.2791666666666667 0.459375 0.2611111111111111 0.46171875 0.24722222222222223 0.46875 0.23333333333333334 0.47734375 0.2263888888888889 0.48828125 0.2263888888888889
1 0.678125 0.5125 0.68828125 0.525 0.6921875 0.5402777777777777 0.6921875 0.5583333333333333 0.6859375 0.5777777777777777 0.671875 0.5888888888888889 0.66171875 0.5875 0.6546875 0.5805555555555556 0.65 0.5694444444444444 0.64765625 0.5513888888888889 0.65 0.5333333333333333 0.65703125 0.5194444444444445 0.66953125 0.5111111111111111 0.67734375 0.5125
1 0.49609375 0.525 0.5046875 0.5319444444444444 0.509375 0.5402777777777777 0.51328125 0.5569444444444445 0.51328125 0.5722222222222222 0.509375 0.5902777777777778 0.503125 0.6 0.49453125 0.6055555555555555 0.4828125 0.6027777777777777 0.47421875 0.5930555555555556 0.46875 0.5833333333333334 0.46640625 0.5694444444444444 0.46796875 0.55 0.4734375 0.5347222222222222 0.48359375 0.525 0.4953125 0.525
1 0.5625 0.6194444444444445 0.571875 0.6319444444444444 0.57578125 0.6569444444444444 0.57109375 0.6791666666666667 0.5640625 0.6902777777777778 0.5578125 0.6944444444444444 0.54921875 0.6944444444444444 0.53984375 0.6888888888888889 0.53203125 0.6736111111111112 0.52890625 0.6541666666666667 0.53125 0.6375 0.53984375 0.6222222222222222 0.5484375 0.6166666666666667 0.55859375 0.6166666666666667 0.56171875 0.6194444444444445
1 0.73828125 0.6041666666666666 0.74921875 0.6166666666666667 0.753125 0.6305555555555555 0.753125 0.6402777777777777 0.74921875 0.6638888888888889 0.7421875 0.6736111111111112 0.734375 0.6791666666666667 0.72265625 0.6777777777777778 0.71640625 0.6722222222222223 0.709375 0.6555555555555556 0.709375 0.6347222222222222 0.71328125 0.6194444444444445 0.71875 0.6097222222222223 0.7296875 0.6027777777777777 0.7375 0.6041666666666666
1 0.50234375 0.7180555555555556 0.50859375 0.7236111111111111 0.515625 0.7361111111111112 0.51796875 0.7569444444444444 0.51328125 0.7777777777777778 0.50859375 0.7861111111111111 0.49921875 0.7930555555555555 0.48671875 0.7902777777777777 0.47890625 0.7819444444444444 0.47265625 0.7638888888888888 0.47265625 0.7458333333333333 0.47578125 0.7333333333333333 0.4828125 0.7222222222222222 0.490625 0.7166666666666667 0.5015625 0.7180555555555556