0 0.446875 0.7236111111111111 0.45859375 0.7402777777777778 0.4609375 0.75 0.4609375 0.7652777777777777 0.45703125 0.7819444444444444 0.45 0.7930555555555555 0.44296875 0.7972222222222223 0.42890625 0.7930555555555555 0.42109375 0.7833333333333333 0.41640625 0.7652777777777777 0.41640625 0.7458333333333333 0.4203125 0.7333333333333333 0.4296875 0.7222222222222222 0.4390625 0.7194444444444444 0.44609375 0.7236111111111111
0 0.621875 0.7083333333333334 0.6328125 0.7180555555555556 0.6390625 0.7375 0.63828125 0.7569444444444444 0.634375 0.7708333333333334 0.621875 0.7847222222222222 0.6140625 0.7847222222222222 0.60546875 0.7791666666666667 0.59609375 0.7652777777777777 0.59453125 0.7583333333333333 0.59453125 0.7388888888888889 0.5984375 0.7236111111111111 0.61015625 0.7097222222222223 0.62109375 0.7083333333333334
0 0.56171875 0.7125 0.57109375 0.7194444444444444 0.5765625 0.7291666666666666 0.57890625 0.7388888888888889 0.57890625 0.7597222222222222 0.57578125 0.7736111111111111 0.56953125 0.7833333333333333 0.5625 0.7888888888888889 0.55 0.7875 0.54140625 0.7791666666666667 0.5359375 0.7652777777777777 0.534375 0.7527777777777778 0.5359375 0.7361111111111112 0.54375 0.7194444444444444 0.55390625 0.7125 0.5609375 0.7125
0 0.49453125 0.4263888888888889 0.5046875 0.43333333333333335 0.51171875 0.44583333333333336 0.5140625 0.45694444444444443 0.51328125 0.4777777777777778 0.509375 0.4930555555555556 0.50234375 0.5041666666666667 0.4953125 0.5083333333333333 0.484375 0.5069444444444444 0.47421875 0.49722222222222223 0.4703125 0.49027777777777776 0.46640625 0.4708333333333333 0.46796875 0.45 0.47578125 0.43333333333333335 0.48515625 0.4263888888888889 0.49375 0.4263888888888889
0 0.62421875 0.6138888888888889 0.63515625 0.6291666666666667 0.6375 0.6388888888888888 0.6375 0.6611111111111111 0.63046875 0.6819444444444445 0.61796875 0.6916666666666667 0.60703125 0.6888888888888889 0.59765625 0.6777777777777778 0.59375 0.6652777777777777 0.59296875 0.6430555555555556 0.59453125 0.6333333333333333 0.603125 0.6180555555555556 0.6109375 0.6125 0.6234375 0.6138888888888889
0 0.4421875 0.6263888888888889 0.44921875 0.6319444444444444 0.45625 0.6458333333333334 0.45859375 0.6555555555555556 0.45859375 0.6736111111111112 0.4546875 0.6888888888888889 0.45 0.6972222222222222 0.44140625 0.7041666666666667 0.43203125 0.7041666666666667 0.41953125 0.6930555555555555 0.4140625 0.6805555555555556 0.4125 0.6625 0.4140625 0.6472222222222223 0.42109375 0.6319444444444444 0.43046875 0.625 0.44140625 0.6263888888888889
0 0.50234375 0.6222222222222222 0.51484375 0.6375 0.51875 0.6527777777777778 0.51875 0.6652777777777777 0.5140625 0.6847222222222222 0.50703125 0.6958333333333333 0.5 0.7 0.4875 0.6972222222222222 0.48046875 0.6902777777777778 0.4734375 0.675 0.471875 0.6555555555555556 0.4734375 0.6416666666666667 0.4828125 0.6263888888888889 0.490625 0.6208333333333333 0.5015625 0.6222222222222222
0 0.55625 0.5194444444444445 0.5609375 0.5208333333333334 0.5703125 0.5319444444444444 0.57421875 0.5388888888888889 0.57734375 0.5555555555555556 0.5765625 0.5708333333333333 0.57265625 0.5847222222222223 0.56484375 0.5972222222222222 0.55703125 0.6013888888888889 0.54609375 0.5986111111111111 0.53828125 0.5916666666666667 0.53203125 0.5777777777777777 0.5296875 0.5638888888888889 0.53203125 0.5416666666666666 0.53984375 0.5263888888888889 0.546875 0.5208333333333334 0.55546875 0.5194444444444445
0 0.68671875 0.6125 0.69609375 0.6277777777777778 0.69765625 0.6486111111111111 0.69296875 0.6708333333333333 0.6859375 0.6819444444444445 0.67890625 0.6861111111111111 0.6640625 0.6819444444444445 0.65625 0.6708333333333333 0.65234375 0.6527777777777778 0.653125 0.6388888888888888 0.65625 0.6263888888888889 0.6671875 0.6111111111111112 0.68046875 0.6083333333333333 0.6859375 0.6125
1 0.55 0.32083333333333336 0.56328125 0.32916666666666666 0.57109375 0.34444444444444444 0.57265625 0.3527777777777778 0.57265625 0.37222222222222223 0.56953125 0.38472222222222224 0.5625 0.39861111111111114 0.55546875 0.4041666666666667 0.54296875 0.4041666666666667 0.53828125 0.4 0.53046875 0.3888888888888889 0.52578125 0.37083333333333335 0.52734375 0.3472222222222222 0.53125 0.3347222222222222 0.54140625 0.3236111111111111 0.54921875 0.32083333333333336
1 0.56171875 0.6180555555555556 0.5671875 0.6222222222222222 0.575 0.6347222222222222 0.57890625 0.65 0.578125 0.6680555555555555 0.57578125 0.6763888888888889 0.57109375 0.6861111111111111 0.56171875 0.6958333333333333 0.55 0.6958333333333333 0.5421875 0.6902777777777778 0.5359375 0.6791666666666667 0.53203125 0.6625 0.53359375 0.6388888888888888 0.540625 0.625 0.54921875 0.6180555555555556 0.5609375 0.6180555555555556
1 0.6828125 0.5138888888888888 0.6875 0.5180555555555556 0.69453125 0.5319444444444444 0.696875 0.5430555555555555 0.696875 0.5541666666666667 0.69296875 0.5736111111111111 0.68828125 0.5819444444444445 0.68203125 0.5888888888888889 0.675 0.5916666666666667 0.66484375 0.5888888888888889 0.65546875 0.5777777777777777 0.65234375 0.5666666666666667 0.6515625 0.5486111111111112 0.65390625 0.5333333333333333 0.6609375 0.5194444444444445 0.67109375 0.5125 0.68203125 0.5138888888888888
1 0.43671875 0.5291666666666667 0.44609375 0.5361111111111111 0.453125 0.5486111111111112 0.45625 0.5652777777777778 0.45625 0.5777777777777777 0.45390625 0.5888888888888889 0.446875 0.6027777777777777 0.43828125 0.6097222222222223 0.428125 0.6083333333333333 0.4171875 0.5986111111111111 0.41171875 0.5875 0.409375 0.575 0.41015625 0.5527777777777778 0.41796875 0.5361111111111111 0.42734375 0.5291666666666667 0.4359375 0.5291666666666667
1 0.49765625 0.525 0.50703125 0.5319444444444444 0.5125 0.5416666666666666 0.51640625 0.5583333333333333 0.515625 0.575 0.51171875 0.5902777777777778 0.50546875 0.6 0.49765625 0.6055555555555555 0.4828125 0.6013888888888889 0.47265625 0.5861111111111111 0.46953125 0.5736111111111111 0.46953125 0.5569444444444445 0.4734375 0.5402777777777777 0.484375 0.5263888888888889 0.496875 0.525
1 0.68203125 0.7055555555555556 0.690625 0.7125 0.6953125 0.7208333333333333 0.6984375 0.7347222222222223 0.6984375 0.7444444444444445 0.69453125 0.7638888888888888 0.68828125 0.775 0.68203125 0.7805555555555556 0.67109375 0.7805555555555556 0.66328125 0.775 0.65703125 0.7638888888888888 0.65390625 0.7513888888888889 0.6546875 0.7319444444444444 0.66171875 0.7152777777777778 0.67265625 0.7055555555555556 0.68125 0.7055555555555556
1 0.56015625 0.4236111111111111 0.571875 0.44027777777777777 0.575 0.45555555555555555 0.575 0.46944444444444444 0.57109375 0.4861111111111111 0.56640625 0.49444444444444446 0.55703125 0.5027777777777778 0.546875 0.5027777777777778 0.5375 0.49583333333333335 0.52890625 0.47638888888888886 0.528125 0.45416666666666666 0.53125 0.4388888888888889 0.53828125 0.42777777777777776 0.5484375 0.4222222222222222 0.559375 0.4236111111111111
1 0.5046875 0.7180555555555556 0.51640625 0.7319444444444444 0.5203125 0.7472222222222222 0.5203125 0.7611111111111111 0.51640625 0.7777777777777778 0.509375 0.7888888888888889 0.503125 0.7930555555555555 0.49375 0.7930555555555555 0.4828125 0.7833333333333333 0.4765625 0.7694444444444445 0.475 0.7472222222222222 0.47890625 0.7319444444444444 0.48515625 0.7222222222222222 0.49296875 0.7166666666666667 0.50390625 0.7180555555555556