0 0.6390625 0.6597222222222222 0.6484375 0.6652777777777777 0.65390625 0.6736111111111112 0.6578125 0.6875 0.6578125 0.7069444444444445 0.65078125 0.7263888888888889 0.63828125 0.7375 0.6265625 0.7375 0.61875 0.7305555555555555 0.6125 0.7180555555555556 0.61015625 0.7027777777777777 0.61171875 0.6847222222222222 0.61640625 0.6722222222222223 0.628125 0.6611111111111111 0.63828125 0.6597222222222222
0 0.5109375 0.3458333333333333 0.52421875 0.35555555555555557 0.52890625 0.3638888888888889 0.53359375 0.38472222222222224 0.53359375 0.4013888888888889 0.53046875 0.41388888888888886 0.521875 0.42777777777777776 0.5125 0.43333333333333335 0.5015625 0.43333333333333335 0.49609375 0.42916666666666664 0.48828125 0.4166666666666667 0.48359375 0.4 0.48359375 0.37777777777777777 0.48671875 0.36527777777777776 0.496875 0.35 0.51015625 0.3458333333333333
0 0.515625 0.7569444444444444 0.521875 0.7625 0.52734375 0.7722222222222223 0.5296875 0.7833333333333333 0.5296875 0.7986111111111112 0.5234375 0.8208333333333333 0.5171875 0.8277777777777777 0.50859375 0.8319444444444445 0.5015625 0.8319444444444445 0.48984375 0.8208333333333333 0.48359375 0.8041666666666667 0.4828125 0.7861111111111111 0.48515625 0.7736111111111111 0.4921875 0.7611111111111111 0.5046875 0.7541666666666667 0.51484375 0.7569444444444444
0 0.57578125 0.7569444444444444 0.58203125 0.7611111111111111 0.58984375 0.7736111111111111 0.59296875 0.7875 0.59296875 0.7986111111111112 0.590625 0.8111111111111111 0.58671875 0.8194444444444444 0.58046875 0.8277777777777777 0.57109375 0.8333333333333334 0.5578125 0.8291666666666667 0.55078125 0.8208333333333333 0.54609375 0.8083333333333333 0.5453125 0.7861111111111111 0.5484375 0.7736111111111111 0.55546875 0.7625 0.56328125 0.7569444444444444 0.575 0.7569444444444444
0 0.4390625 0.34444444444444444 0.4484375 0.3472222222222222 0.45703125 0.3541666666666667 0.46640625 0.3763888888888889 0.46640625 0.4041666666666667 0.46015625 0.42083333333333334 0.4484375 0.43194444444444446 0.4375 0.43194444444444446 0.42734375 0.425 0.41796875 0.4041666666666667 0.4171875 0.38333333333333336 0.4203125 0.3638888888888889 0.42890625 0.35 0.43828125 0.3458333333333333
0 0.58046875 0.5597222222222222 0.58828125 0.5666666666666667 0.59453125 0.5791666666666667 0.59609375 0.6055555555555555 0.59296875 0.6208333333333333 0.5875 0.6305555555555555 0.575 0.6402777777777777 0.5671875 0.6402777777777777 0.55703125 0.6333333333333333 0.54921875 0.6152777777777778 0.54765625 0.5916666666666667 0.55078125 0.5763888888888888 0.56015625 0.5625 0.5671875 0.5583333333333333 0.5796875 0.5597222222222222
0 0.45 0.6569444444444444 0.45703125 0.6625 0.46328125 0.6722222222222223 0.4671875 0.6847222222222222 0.46796875 0.7 0.46484375 0.7152777777777778 0.45859375 0.7263888888888889 0.44765625 0.7347222222222223 0.4359375 0.7333333333333333 0.4265625 0.7236111111111111 0.42109375 0.7111111111111111 0.41953125 0.6888888888888889 0.421875 0.675 0.428125 0.6638888888888889 0.43828125 0.6555555555555556 0.44921875 0.6569444444444444
0 0.38515625 0.3486111111111111 0.396875 0.36527777777777776 0.4 0.37777777777777777 0.40078125 0.39305555555555555 0.396875 0.41388888888888886 0.38984375 0.425 0.38046875 0.43194444444444446 0.371875 0.43194444444444446 0.36015625 0.4222222222222222 0.35390625 0.4097222222222222 0.35 0.3861111111111111 0.35234375 0.36666666666666664 0.36171875 0.35 0.3703125 0.34444444444444444 0.37734375 0.34444444444444444 0.384375 0.3486111111111111
0 0.384375 0.7513888888888889 0.3953125 0.7583333333333333 0.40078125 0.7666666666666667 0.4046875 0.7805555555555556 0.4046875 0.8 0.396875 0.8194444444444444 0.38359375 0.8277777777777777 0.37578125 0.8263888888888888 0.36875 0.8208333333333333 0.3609375 0.8069444444444445 0.35859375 0.7958333333333333 0.35859375 0.7805555555555556 0.3625 0.7638888888888888 0.37109375 0.7541666666666667 0.38359375 0.7513888888888889
0 0.32421875 0.7513888888888889 0.3375 0.7638888888888888 0.34296875 0.7819444444444444 0.34296875 0.7986111111111112 0.340625 0.8083333333333333 0.33671875 0.8166666666666667 0.32734375 0.825 0.315625 0.825 0.30859375 0.8208333333333333 0.3015625 0.8111111111111111 0.296875 0.7916666666666666 0.29765625 0.7708333333333334 0.30390625 0.7569444444444444 0.315625 0.75 0.3234375 0.7513888888888889
0 0.6375 0.7583333333333333 0.65078125 0.7694444444444445 0.6546875 0.7833333333333333 0.6546875 0.8027777777777778 0.64921875 0.8208333333333333 0.6421875 0.8291666666666667 0.63359375 0.8333333333333334 0.62578125 0.8333333333333334 0.61484375 0.8236111111111111 0.609375 0.8111111111111111 0.6078125 0.7930555555555555 0.61015625 0.7791666666666667 0.61640625 0.7666666666666667 0.62578125 0.7583333333333333 0.63671875 0.7583333333333333
0 0.38984375 0.5597222222222222 0.39609375 0.5666666666666667 0.4015625 0.5805555555555556 0.403125 0.5902777777777778 0.40234375 0.6097222222222223 0.39453125 0.6277777777777778 0.3875 0.6333333333333333 0.37734375 0.6361111111111111 0.365625 0.6291666666666667 0.35859375 0.6180555555555556 0.3546875 0.6013888888888889 0.3546875 0.5819444444444445 0.3578125 0.5708333333333333 0.36640625 0.5583333333333333 0.3796875 0.5541666666666667 0.3890625 0.5597222222222222
1 0.51171875 0.4527777777777778 0.521875 0.4597222222222222 0.528125 0.46944444444444444 0.5328125 0.49166666666666664 0.53203125 0.5083333333333333 0.52734375 0.5222222222222223 0.5234375 0.5291666666666667 0.51171875 0.5375 0.5015625 0.5361111111111111 0.48984375 0.5236111111111111 0.48515625 0.5125 0.4828125 0.49583333333333335 0.48515625 0.47638888888888886 0.49140625 0.4625 0.50078125 0.45416666666666666 0.5109375 0.4527777777777778
1 0.57890625 0.6597222222222222 0.58984375 0.6722222222222223 0.59375 0.6847222222222222 0.59453125 0.7 0.59296875 0.7125 0.58984375 0.7208333333333333 0.584375 0.7305555555555555 0.57421875 0.7375 0.5671875 0.7375 0.55390625 0.7263888888888889 0.546875 0.7083333333333334 0.546875 0.6916666666666667 0.54921875 0.6791666666666667 0.55859375 0.6638888888888889 0.5671875 0.6583333333333333 0.578125 0.6597222222222222
1 0.6484375 0.5625 0.6578125 0.5777777777777777 0.6609375 0.5902777777777778 0.6609375 0.6055555555555555 0.65859375 0.6180555555555556 0.6515625 0.6319444444444444 0.63984375 0.6402777777777777 0.62734375 0.6375 0.61875 0.6277777777777778 0.6125 0.6083333333333333 0.6125 0.5930555555555556 0.61796875 0.5736111111111111 0.6265625 0.5625 0.63125 0.5597222222222222 0.64453125 0.5597222222222222 0.64765625 0.5625
1 0.4421875 0.4513888888888889 0.45546875 0.4583333333333333 0.46484375 0.47638888888888886 0.4671875 0.4888888888888889 0.4671875 0.5041666666666667 0.4640625 0.5180555555555556 0.45625 0.5305555555555556 0.44921875 0.5361111111111111 0.440625 0.5361111111111111 0.43203125 0.5319444444444444 0.42265625 0.5180555555555556 0.41796875 0.4986111111111111 0.41796875 0.48333333333333334 0.4203125 0.4722222222222222 0.428125 0.4583333333333333 0.44140625 0.4527777777777778
1 0.38046875 0.4513888888888889 0.390625 0.4583333333333333 0.39765625 0.46944444444444444 0.4015625 0.48333333333333334 0.4015625 0.5069444444444444 0.3984375 0.5180555555555556 0.39296875 0.5277777777777778 0.3796875 0.5361111111111111 0.36328125 0.5263888888888889 0.3578125 0.5180555555555556 0.353125 0.5 0.35390625 0.47638888888888886 0.35859375 0.4625 0.36875 0.4527777777777778 0.3796875 0.4513888888888889
1 0.38203125 0.6541666666666667 0.39453125 0.6625 0.40078125 0.6736111111111112 0.40390625 0.6875 0.40390625 0.7027777777777777 0.4015625 0.7138888888888889 0.3953125 0.7263888888888889 0.38671875 0.7333333333333333 0.37578125 0.7319444444444444 0.36640625 0.7236111111111111 0.359375 0.7111111111111111 0.35703125 0.6944444444444444 0.35859375 0.6763888888888889 0.365625 0.6597222222222222 0.38125 0.6541666666666667
1 0.51015625 0.6569444444444444 0.5234375 0.6666666666666666 0.52890625 0.6777777777777778 0.53046875 0.6861111111111111 0.5296875 0.7097222222222223 0.52578125 0.7222222222222222 0.52109375 0.7291666666666666 0.5125 0.7347222222222223 0.50078125 0.7347222222222223 0.496875 0.7319444444444444 0.48984375 0.7236111111111111 0.48359375 0.7041666666666667 0.48359375 0.6861111111111111 0.4875 0.6708333333333333 0.496875 0.6597222222222222 0.509375 0.6569444444444444
1 0.70078125 0.7597222222222222 0.7078125 0.7638888888888888 0.7140625 0.7736111111111111 0.71796875 0.7930555555555555 0.7140625 0.8166666666666667 0.70546875 0.8305555555555556 0.69765625 0.8347222222222223 0.690625 0.8347222222222223 0.67734375 0.825 0.67109375 0.8083333333333333 0.67109375 0.7930555555555555 0.67421875 0.7777777777777778 0.68203125 0.7652777777777777 0.68828125 0.7611111111111111 0.7 0.7597222222222222
1 0.4484375 0.5569444444444445 0.4578125 0.5638888888888889 0.46328125 0.5736111111111111 0.4671875 0.5902777777777778 0.4671875 0.6069444444444444 0.4640625 0.6194444444444445 0.45859375 0.6291666666666667 0.44765625 0.6375 0.44140625 0.6375 0.42890625 0.6291666666666667 0.42109375 0.6138888888888889 0.41953125 0.6027777777777777 0.4203125 0.5777777777777777 0.425 0.5666666666666667 0.434375 0.5569444444444445 0.44765625 0.5569444444444445
1 0.5140625 0.5583333333333333 0.52421875 0.5666666666666667 0.53125 0.5875 0.53125 0.6097222222222223 0.52890625 0.6180555555555556 0.521875 0.6319444444444444 0.5140625 0.6375 0.50234375 0.6375 0.49375 0.6305555555555555 0.4875 0.6208333333333333 0.48359375 0.6055555555555555 0.48359375 0.5847222222222223 0.49140625 0.5652777777777778 0.50234375 0.5569444444444445 0.51328125 0.5583333333333333
1 0.45 0.7541666666666667 0.45703125 0.7597222222222222 0.4640625 0.7708333333333334 0.4671875 0.7819444444444444 0.46796875 0.7958333333333333 0.46328125 0.8152777777777778 0.45625 0.825 0.44921875 0.8291666666666667 0.4421875 0.8291666666666667 0.4296875 0.8208333333333333 0.42421875 0.8097222222222222 0.42109375 0.7958333333333333 0.42265625 0.7722222222222223 0.42890625 0.7597222222222222 0.43984375 0.7527777777777778 0.44921875 0.7541666666666667