0 0.50078125 0.4041666666666667 0.50859375 0.4125 0.5125 0.42083333333333334 0.5140625 0.44583333333333336 0.509375 0.4666666666666667 0.496875 0.4791666666666667 0.4875 0.4791666666666667 0.47734375 0.46944444444444444 0.471875 0.45694444444444443 0.4703125 0.43472222222222223 0.47421875 0.4152777777777778 0.48046875 0.40694444444444444 0.48828125 0.4013888888888889 0.5 0.4041666666666667
0 0.55390625 0.5944444444444444 0.5609375 0.5986111111111111 0.5671875 0.6069444444444444 0.57265625 0.6263888888888889 0.57265625 0.6416666666666667 0.56796875 0.6583333333333333 0.56328125 0.6652777777777777 0.5546875 0.6708333333333333 0.5453125 0.6708333333333333 0.5390625 0.6666666666666666 0.53203125 0.6569444444444444 0.528125 0.6402777777777777 0.528125 0.6236111111111111 0.53203125 0.6083333333333333 0.54140625 0.5972222222222222 0.553125 0.5944444444444444
0 0.6171875 0.5013888888888889 0.625 0.5083333333333333 0.63046875 0.5180555555555556 0.6328125 0.5277777777777778 0.63359375 0.5458333333333333 0.63046875 0.5597222222222222 0.62265625 0.5722222222222222 0.615625 0.5777777777777777 0.6046875 0.5763888888888888 0.5953125 0.5680555555555555 0.5890625 0.55 0.58828125 0.5347222222222222 0.590625 0.5194444444444445 0.5984375 0.5055555555555555 0.60859375 0.5 0.61640625 0.5013888888888889
0 0.4984375 0.5944444444444444 0.50625 0.6013888888888889 0.51171875 0.6125 0.51328125 0.6388888888888888 0.51171875 0.65 0.5046875 0.6638888888888889 0.4953125 0.6694444444444444 0.4859375 0.6694444444444444 0.47734375 0.6625 0.4703125 0.6458333333333334 0.46875 0.6236111111111111 0.4703125 0.6152777777777778 0.47734375 0.6 0.48671875 0.5930555555555556 0.49765625 0.5944444444444444
0 0.61171875 0.6930555555555555 0.62265625 0.7 0.628125 0.7097222222222223 0.63203125 0.725 0.63203125 0.7402777777777778 0.6296875 0.7513888888888889 0.62265625 0.7638888888888888 0.615625 0.7694444444444445 0.6046875 0.7694444444444445 0.596875 0.7652777777777777 0.5875 0.7416666666666667 0.5875 0.7208333333333333 0.590625 0.7097222222222223 0.60234375 0.6944444444444444 0.6109375 0.6930555555555555
0 0.49375 0.6888888888888889 0.50546875 0.6972222222222222 0.5109375 0.7083333333333334 0.51328125 0.7222222222222222 0.51171875 0.7444444444444445 0.509375 0.7513888888888889 0.496875 0.7652777777777777 0.48515625 0.7652777777777777 0.47578125 0.7569444444444444 0.4703125 0.7458333333333333 0.46875 0.7347222222222223 0.46875 0.7166666666666667 0.47265625 0.7027777777777777 0.48125 0.6916666666666667 0.49296875 0.6888888888888889
1 0.56015625 0.30833333333333335 0.5671875 0.31527777777777777 0.571875 0.325 0.57421875 0.3347222222222222 0.57421875 0.35555555555555557 0.5671875 0.375 0.55625 0.38472222222222224 0.54921875 0.38472222222222224 0.53984375 0.37777777777777777 0.53203125 0.3611111111111111 0.5296875 0.3375 0.53203125 0.3263888888888889 0.53984375 0.3125 0.546875 0.30694444444444446 0.559375 0.30833333333333335
1 0.5578125 0.5 0.565625 0.5069444444444444 0.57109375 0.5180555555555556 0.5734375 0.5444444444444444 0.571875 0.5541666666666667 0.5671875 0.5652777777777778 0.5640625 0.5708333333333333 0.5546875 0.5777777777777777 0.54375 0.575 0.53203125 0.5583333333333333 0.52890625 0.5444444444444444 0.52890625 0.5263888888888889 0.53125 0.5152777777777777 0.5390625 0.5041666666666667 0.54765625 0.4986111111111111 0.55703125 0.5
1 0.55390625 0.6916666666666667 0.5640625 0.6986111111111111 0.56796875 0.7055555555555556 0.571875 0.7222222222222222 0.571875 0.7402777777777778 0.5671875 0.7555555555555555 0.5625 0.7625 0.55390625 0.7680555555555556 0.54609375 0.7680555555555556 0.5390625 0.7638888888888888 0.53125 0.7513888888888889 0.528125 0.7347222222222223 0.528125 0.7180555555555556 0.53203125 0.7041666666666667 0.54296875 0.6916666666666667 0.553125 0.6916666666666667
1 0.496875 0.4986111111111111 0.5046875 0.5041666666666667 0.51015625 0.5125 0.5140625 0.5347222222222222 0.51171875 0.5569444444444445 0.5046875 0.5694444444444444 0.49765625 0.575 0.4875 0.575 0.4796875 0.5680555555555555 0.4734375 0.5569444444444445 0.46953125 0.5375 0.471875 0.5166666666666667 0.4765625 0.5069444444444444 0.4859375 0.4986111111111111 0.49609375 0.4986111111111111
1 0.6203125 0.6 0.62890625 0.6125 0.63203125 0.6236111111111111 0.6328125 0.6416666666666667 0.6296875 0.6569444444444444 0.62265625 0.6680555555555555 0.61484375 0.6736111111111112 0.60390625 0.6722222222222223 0.5953125 0.6638888888888889 0.58828125 0.6458333333333334 0.5875 0.6263888888888889 0.59140625 0.6125 0.596875 0.6027777777777777 0.603125 0.5972222222222222 0.61640625 0.5972222222222222 0.61953125 0.6
1 0.55 0.4027777777777778 0.5609375 0.40555555555555556 0.57265625 0.425 0.57421875 0.4486111111111111 0.56796875 0.46944444444444444 0.56015625 0.4791666666666667 0.55234375 0.48194444444444445 0.5421875 0.47638888888888886 0.5328125 0.4625 0.52890625 0.44305555555555554 0.53046875 0.425 0.53828125 0.4097222222222222 0.54921875 0.4041666666666667