0 0.578125 0.7152777777777778 0.5890625 0.725 0.5953125 0.7388888888888889 0.59609375 0.7666666666666667 0.5890625 0.7888888888888889 0.575 0.8 0.5640625 0.7972222222222223 0.55703125 0.7888888888888889 0.55 0.7708333333333334 0.54921875 0.7541666666666667 0.55390625 0.7305555555555555 0.55859375 0.7222222222222222 0.56484375 0.7166666666666667 0.57734375 0.7152777777777778
0 0.51328125 0.8180555555555555 0.52578125 0.8277777777777777 0.5328125 0.8486111111111111 0.5328125 0.8722222222222222 0.5296875 0.8847222222222222 0.51875 0.9013888888888889 0.51328125 0.9041666666666667 0.5015625 0.9027777777777778 0.4953125 0.8972222222222223 0.48828125 0.8833333333333333 0.4859375 0.8708333333333333 0.4859375 0.85 0.490625 0.8333333333333334 0.50078125 0.8194444444444444 0.5125 0.8180555555555555
0 0.57421875 0.8180555555555555 0.58515625 0.8236111111111111 0.59140625 0.8319444444444445 0.596875 0.8513888888888889 0.59609375 0.8722222222222222 0.59296875 0.8847222222222222 0.584375 0.9 0.575 0.9055555555555556 0.565625 0.9041666666666667 0.55859375 0.8972222222222223 0.553125 0.8875 0.54921875 0.8680555555555556 0.55 0.85 0.55390625 0.8347222222222223 0.5640625 0.8208333333333333 0.5734375 0.8180555555555555
0 0.4546875 0.7152777777777778 0.4609375 0.7208333333333333 0.46796875 0.7347222222222223 0.4703125 0.7458333333333333 0.4703125 0.7625 0.4640625 0.7847222222222222 0.45703125 0.7944444444444444 0.45 0.7986111111111112 0.43984375 0.7972222222222223 0.428125 0.7833333333333333 0.4234375 0.7652777777777777 0.4234375 0.7486111111111111 0.428125 0.7305555555555555 0.4359375 0.7180555555555556 0.44296875 0.7138888888888889 0.45390625 0.7152777777777778
0 0.45 0.8166666666666667 0.46171875 0.8263888888888888 0.4671875 0.8375 0.4703125 0.8625 0.46484375 0.8861111111111111 0.45546875 0.9 0.44921875 0.9041666666666667 0.4390625 0.9027777777777778 0.4296875 0.8930555555555556 0.425 0.8833333333333333 0.42265625 0.8694444444444445 0.42265625 0.8527777777777777 0.42734375 0.8347222222222223 0.4359375 0.8208333333333333 0.4421875 0.8166666666666667 0.44921875 0.8166666666666667
0 0.52265625 0.6180555555555556 0.53046875 0.6319444444444444 0.53359375 0.6569444444444444 0.53125 0.6708333333333333 0.52578125 0.6847222222222222 0.5140625 0.6958333333333333 0.50078125 0.6930555555555555 0.490625 0.6791666666666667 0.48671875 0.6638888888888889 0.48671875 0.6430555555555556 0.490625 0.6291666666666667 0.5015625 0.6138888888888889 0.51171875 0.6111111111111112 0.521875 0.6180555555555556
1 0.38359375 0.8166666666666667 0.39609375 0.8236111111111111 0.40390625 0.8388888888888889 0.40625 0.8555555555555555 0.40546875 0.8694444444444445 0.40078125 0.8861111111111111 0.39375 0.8972222222222223 0.38828125 0.9013888888888889 0.3765625 0.9013888888888889 0.36875 0.8944444444444445 0.3625 0.8819444444444444 0.359375 0.8638888888888889 0.36015625 0.8486111111111111 0.36484375 0.8319444444444445 0.37421875 0.8194444444444444 0.3828125 0.8166666666666667
1 0.5125 0.7152777777777778 0.525 0.7236111111111111 0.5328125 0.7472222222222222 0.5328125 0.7652777777777777 0.5296875 0.7777777777777778 0.521875 0.7930555555555555 0.51484375 0.7986111111111112 0.5046875 0.7986111111111112 0.49453125 0.7888888888888889 0.4875 0.7722222222222223 0.4859375 0.7555555555555555 0.4875 0.7416666666666667 0.49609375 0.7222222222222222 0.5015625 0.7166666666666667 0.51171875 0.7152777777777778
1 0.45234375 0.6125 0.46015625 0.6180555555555556 0.4671875 0.6305555555555555 0.4703125 0.6430555555555556 0.4703125 0.6611111111111111 0.4671875 0.675 0.46171875 0.6861111111111111 0.45078125 0.6944444444444444 0.43828125 0.6916666666666667 0.428125 0.6777777777777778 0.425 0.6638888888888889 0.425 0.6430555555555556 0.428125 0.6305555555555555 0.4375 0.6152777777777778 0.4515625 0.6125
1 0.39140625 0.7152777777777778 0.39765625 0.7208333333333333 0.40390625 0.7333333333333333 0.40703125 0.7583333333333333 0.40234375 0.7791666666666667 0.39609375 0.7902777777777777 0.3875 0.7972222222222223 0.37578125 0.7958333333333333 0.365625 0.7833333333333333 0.36171875 0.7694444444444445 0.3609375 0.7458333333333333 0.3625 0.7375 0.371875 0.7194444444444444 0.38125 0.7138888888888889 0.390625 0.7152777777777778
1 0.5125 0.5111111111111111 0.525 0.5194444444444445 0.5296875 0.5291666666666667 0.5328125 0.5430555555555555 0.5328125 0.5597222222222222 0.52890625 0.575 0.5203125 0.5888888888888889 0.5125 0.5930555555555556 0.5046875 0.5916666666666667 0.49765625 0.5861111111111111 0.490625 0.575 0.4875 0.5638888888888889 0.4875 0.5430555555555555 0.4921875 0.5263888888888889 0.5015625 0.5138888888888888 0.51171875 0.5111111111111111
1 0.6375 0.8194444444444444 0.64609375 0.8222222222222222 0.65390625 0.8319444444444445 0.66015625 0.8541666666666666 0.66015625 0.8694444444444445 0.6578125 0.8819444444444444 0.65078125 0.8958333333333334 0.64296875 0.9041666666666667 0.63125 0.9041666666666667 0.62421875 0.9 0.61796875 0.8902777777777777 0.61328125 0.8722222222222222 0.61328125 0.8513888888888889 0.61796875 0.8347222222222223 0.62734375 0.8222222222222222 0.63671875 0.8194444444444444