0 0.565625 0.38472222222222224 0.57421875 0.4027777777777778 0.575 0.42916666666666664 0.5671875 0.45 0.55625 0.4583333333333333 0.54453125 0.45555555555555555 0.534375 0.44166666666666665 0.53046875 0.4263888888888889 0.53046875 0.40694444444444444 0.5359375 0.3902777777777778 0.54453125 0.38055555555555554 0.55859375 0.37916666666666665 0.56484375 0.38472222222222224
0 0.4953125 0.7652777777777777 0.5046875 0.7722222222222223 0.51015625 0.7805555555555556 0.5140625 0.7958333333333333 0.5140625 0.8111111111111111 0.509375 0.8319444444444445 0.503125 0.8416666666666667 0.49453125 0.8472222222222222 0.4859375 0.8458333333333333 0.475 0.8347222222222223 0.46953125 0.8208333333333333 0.46796875 0.8083333333333333 0.46953125 0.7888888888888889 0.47578125 0.775 0.4875 0.7652777777777777 0.49453125 0.7652777777777777
0 0.61796875 0.7680555555555556 0.62578125 0.775 0.63046875 0.7833333333333333 0.63359375 0.7916666666666666 0.63515625 0.8138888888888889 0.6296875 0.8347222222222223 0.61640625 0.8486111111111111 0.6078125 0.8486111111111111 0.596875 0.8388888888888889 0.590625 0.825 0.58828125 0.8069444444444445 0.59140625 0.7875 0.59765625 0.775 0.60703125 0.7680555555555556 0.6171875 0.7680555555555556
0 0.73046875 0.47638888888888886 0.74375 0.48333333333333334 0.7515625 0.4986111111111111 0.753125 0.5277777777777778 0.7484375 0.5444444444444444 0.740625 0.5541666666666667 0.72734375 0.5555555555555556 0.7171875 0.5472222222222223 0.71015625 0.5319444444444444 0.70859375 0.5208333333333334 0.71015625 0.4986111111111111 0.71796875 0.48333333333333334 0.7296875 0.4777777777777778
0 0.55546875 0.5708333333333333 0.56796875 0.5805555555555556 0.57421875 0.5986111111111111 0.575 0.6125 0.57421875 0.6236111111111111 0.56875 0.6402777777777777 0.5609375 0.65 0.55390625 0.6527777777777778 0.54296875 0.6486111111111111 0.5328125 0.6333333333333333 0.52890625 0.6152777777777778 0.52890625 0.6013888888888889 0.5328125 0.5875 0.53984375 0.5763888888888888 0.54765625 0.5708333333333333 0.5546875 0.5708333333333333
0 0.43984375 0.6680555555555555 0.4453125 0.6736111111111112 0.45234375 0.6875 0.4546875 0.7013888888888888 0.4546875 0.7152777777777778 0.45234375 0.7263888888888889 0.44609375 0.7388888888888889 0.4359375 0.7472222222222222 0.4296875 0.7472222222222222 0.41640625 0.7375 0.41015625 0.7222222222222222 0.40859375 0.7 0.4109375 0.6861111111111111 0.41953125 0.6722222222222223 0.428125 0.6666666666666666 0.4390625 0.6680555555555555
0 0.67890625 0.3819444444444444 0.6859375 0.3888888888888889 0.69140625 0.4 0.69375 0.4111111111111111 0.69375 0.42777777777777776 0.68984375 0.4444444444444444 0.68515625 0.4527777777777778 0.678125 0.4583333333333333 0.6625 0.45555555555555555 0.653125 0.44166666666666665 0.64921875 0.42777777777777776 0.65 0.40555555555555556 0.6578125 0.3875 0.6671875 0.38055555555555554 0.678125 0.3819444444444444
0 0.43671875 0.5694444444444444 0.44375 0.5736111111111111 0.45234375 0.5875 0.45546875 0.6055555555555555 0.45546875 0.6180555555555556 0.44921875 0.6375 0.4359375 0.65 0.4265625 0.6486111111111111 0.41875 0.6416666666666667 0.41328125 0.6319444444444444 0.409375 0.6138888888888889 0.41015625 0.5958333333333333 0.415625 0.5805555555555556 0.425 0.5708333333333333 0.4359375 0.5694444444444444
0 0.4390625 0.3763888888888889 0.4484375 0.38472222222222224 0.453125 0.39305555555555555 0.45625 0.40555555555555556 0.45625 0.42777777777777776 0.453125 0.4388888888888889 0.44609375 0.45 0.4390625 0.45555555555555555 0.4296875 0.45555555555555555 0.41875 0.44583333333333336 0.4109375 0.425 0.4109375 0.40694444444444444 0.41640625 0.3888888888888889 0.42734375 0.37777777777777777 0.43828125 0.3763888888888889
0 0.55703125 0.7666666666666667 0.56328125 0.7708333333333334 0.57109375 0.7833333333333333 0.57421875 0.7972222222222223 0.57421875 0.8194444444444444 0.57109375 0.8305555555555556 0.565625 0.8402777777777778 0.55390625 0.8486111111111111 0.54453125 0.8458333333333333 0.53671875 0.8375 0.52890625 0.8180555555555555 0.528125 0.8027777777777778 0.53125 0.7847222222222222 0.5375 0.7736111111111111 0.54609375 0.7666666666666667 0.55625 0.7666666666666667
0 0.67890625 0.2875 0.684375 0.2916666666666667 0.690625 0.30277777777777776 0.69375 0.31666666666666665 0.69375 0.32916666666666666 0.6921875 0.3416666666666667 0.6890625 0.35 0.678125 0.3625 0.66796875 0.3625 0.65625 0.35138888888888886 0.65078125 0.3388888888888889 0.64921875 0.32083333333333336 0.6515625 0.30416666666666664 0.6609375 0.28888888888888886 0.6671875 0.2861111111111111 0.678125 0.2875
0 0.50078125 0.2833333333333333 0.50859375 0.2902777777777778 0.51328125 0.3 0.515625 0.30972222222222223 0.515625 0.32916666666666666 0.51171875 0.3458333333333333 0.50625 0.3541666666666667 0.4984375 0.3597222222222222 0.484375 0.35694444444444445 0.47421875 0.3402777777777778 0.471875 0.33055555555555555 0.471875 0.3111111111111111 0.4734375 0.30277777777777776 0.48046875 0.28888888888888886 0.490625 0.28194444444444444 0.5 0.2833333333333333
0 0.6765625 0.6708333333333333 0.68984375 0.6847222222222222 0.69453125 0.7055555555555556 0.69375 0.7222222222222222 0.69140625 0.7319444444444444 0.68515625 0.7444444444444445 0.678125 0.75 0.66796875 0.75 0.65859375 0.7416666666666667 0.65078125 0.7263888888888889 0.64921875 0.7152777777777778 0.65 0.6972222222222222 0.65859375 0.6777777777777778 0.66875 0.6708333333333333 0.67578125 0.6708333333333333
0 0.49453125 0.6666666666666666 0.50625 0.675 0.51171875 0.6861111111111111 0.51484375 0.7 0.5140625 0.7180555555555556 0.51015625 0.7333333333333333 0.50234375 0.7444444444444445 0.49453125 0.7486111111111111 0.4859375 0.7472222222222222 0.4734375 0.7333333333333333 0.46953125 0.7222222222222222 0.46796875 0.7097222222222223 0.46953125 0.6930555555555555 0.4765625 0.6763888888888889 0.4859375 0.6680555555555555 0.49375 0.6666666666666666
0 0.5015625 0.37916666666666665 0.5125 0.39305555555555555 0.515625 0.4083333333333333 0.515625 0.425 0.50859375 0.44722222222222224 0.49609375 0.45694444444444443 0.48359375 0.4527777777777778 0.4734375 0.4361111111111111 0.47109375 0.4236111111111111 0.47109375 0.40694444444444444 0.47578125 0.3902777777777778 0.48359375 0.38055555555555554 0.48828125 0.37777777777777777 0.50078125 0.37916666666666665
1 0.43828125 0.7666666666666667 0.44609375 0.775 0.45078125 0.7847222222222222 0.45390625 0.7986111111111112 0.45390625 0.8125 0.44921875 0.8305555555555556 0.44296875 0.8402777777777778 0.4359375 0.8458333333333333 0.425 0.8444444444444444 0.4140625 0.8333333333333334 0.40859375 0.8138888888888889 0.40859375 0.7944444444444444 0.4109375 0.7833333333333333 0.421875 0.7680555555555556 0.428125 0.7652777777777777 0.4375 0.7666666666666667
1 0.675 0.47638888888888886 0.6875 0.4875 0.69375 0.5097222222222222 0.69296875 0.5291666666666667 0.6890625 0.5416666666666666 0.68359375 0.55 0.675 0.5555555555555556 0.665625 0.5541666666666667 0.65546875 0.5430555555555555 0.65078125 0.5319444444444444 0.64921875 0.5194444444444445 0.65 0.5027777777777778 0.65703125 0.4847222222222222 0.6625 0.4791666666666667 0.67421875 0.47638888888888886
1 0.56328125 0.2875 0.57109375 0.2986111111111111 0.57421875 0.30833333333333335 0.575 0.33194444444444443 0.56796875 0.35138888888888886 0.559375 0.3597222222222222 0.5484375 0.3597222222222222 0.53984375 0.3527777777777778 0.53203125 0.3347222222222222 0.53125 0.3111111111111111 0.534375 0.3 0.54453125 0.2861111111111111 0.55390625 0.2833333333333333 0.5625 0.2875
1 0.6796875 0.7708333333333334 0.68671875 0.7777777777777778 0.69140625 0.7875 0.69375 0.7972222222222223 0.69375 0.8208333333333333 0.68984375 0.8347222222222223 0.67890625 0.8486111111111111 0.66796875 0.8486111111111111 0.6609375 0.8430555555555556 0.65078125 0.825 0.64921875 0.8138888888888889 0.65 0.7958333333333333 0.65859375 0.7763888888888889 0.66796875 0.7694444444444445 0.67890625 0.7708333333333334
1 0.5578125 0.6694444444444444 0.56484375 0.675 0.57109375 0.6861111111111111 0.57421875 0.7 0.57421875 0.7180555555555556 0.56875 0.7361111111111112 0.55703125 0.7486111111111111 0.5484375 0.7486111111111111 0.54140625 0.7444444444444445 0.5328125 0.7305555555555555 0.52890625 0.7152777777777778 0.5296875 0.6944444444444444 0.53671875 0.6777777777777778 0.546875 0.6694444444444444 0.55703125 0.6694444444444444
1 0.56171875 0.4777777777777778 0.571875 0.4930555555555556 0.57421875 0.5013888888888889 0.575 0.5180555555555556 0.57109375 0.5375 0.5640625 0.5486111111111112 0.5546875 0.5541666666666667 0.54296875 0.55 0.5328125 0.5347222222222222 0.5296875 0.5083333333333333 0.53203125 0.49444444444444446 0.53984375 0.48055555555555557 0.55234375 0.475 0.5609375 0.4777777777777778
1 0.73984375 0.6736111111111112 0.74453125 0.6777777777777778 0.7515625 0.6916666666666667 0.7546875 0.7138888888888889 0.753125 0.7277777777777777 0.75 0.7361111111111112 0.74453125 0.7458333333333333 0.73671875 0.7513888888888889 0.71953125 0.7444444444444445 0.71171875 0.7277777777777777 0.709375 0.7069444444444445 0.71328125 0.6875 0.71953125 0.6777777777777778 0.728125 0.6722222222222223 0.7390625 0.6736111111111112
1 0.44375 0.47638888888888886 0.45390625 0.49444444444444446 0.45546875 0.5222222222222223 0.44921875 0.5402777777777777 0.43828125 0.5513888888888889 0.42890625 0.5513888888888889 0.41796875 0.5416666666666666 0.4109375 0.5222222222222223 0.41015625 0.5125 0.41328125 0.49166666666666664 0.41953125 0.48055555555555557 0.43359375 0.4722222222222222 0.44296875 0.47638888888888886
1 0.6765625 0.5736111111111111 0.6828125 0.5777777777777777 0.68984375 0.5888888888888889 0.69375 0.6041666666666666 0.69375 0.6222222222222222 0.69140625 0.6333333333333333 0.6859375 0.6444444444444445 0.675 0.6527777777777778 0.6609375 0.6472222222222223 0.65078125 0.6305555555555555 0.64921875 0.6041666666666666 0.653125 0.5888888888888889 0.66015625 0.5777777777777777 0.6671875 0.5736111111111111 0.67578125 0.5736111111111111
1 0.4953125 0.4736111111111111 0.50546875 0.4791666666666667 0.51171875 0.49027777777777776 0.51484375 0.5013888888888889 0.515625 0.5152777777777777 0.51015625 0.5388888888888889 0.50234375 0.55 0.49765625 0.5527777777777778 0.4890625 0.5527777777777778 0.4796875 0.5444444444444444 0.4734375 0.5333333333333333 0.4703125 0.5180555555555556 0.47109375 0.5013888888888889 0.475 0.4875 0.484375 0.47638888888888886 0.49453125 0.4736111111111111
1 0.61875 0.6708333333333333 0.62578125 0.6777777777777778 0.63203125 0.6902777777777778 0.634375 0.7027777777777777 0.634375 0.7166666666666667 0.63125 0.7319444444444444 0.6265625 0.7402777777777778 0.61328125 0.75 0.60234375 0.7458333333333333 0.5953125 0.7375 0.590625 0.725 0.5890625 0.7069444444444445 0.59140625 0.6902777777777778 0.59765625 0.6777777777777778 0.60859375 0.6694444444444444 0.61796875 0.6708333333333333
1 0.49765625 0.5708333333333333 0.50546875 0.5763888888888888 0.5109375 0.5861111111111111 0.5140625 0.5972222222222222 0.51484375 0.6166666666666667 0.509375 0.6375 0.5046875 0.6444444444444445 0.49609375 0.65 0.48359375 0.6472222222222223 0.47265625 0.6305555555555555 0.46953125 0.6138888888888889 0.46953125 0.6 0.4734375 0.5847222222222223 0.4796875 0.5763888888888888 0.48671875 0.5708333333333333 0.496875 0.5708333333333333
1 0.74375 0.5805555555555556 0.75234375 0.5986111111111111 0.75390625 0.6222222222222222 0.75 0.6375 0.74375 0.6486111111111111 0.7375 0.6527777777777778 0.72890625 0.6527777777777778 0.71953125 0.6472222222222223 0.71015625 0.625 0.709375 0.6027777777777777 0.71328125 0.5888888888888889 0.7234375 0.5763888888888888 0.73671875 0.575 0.74296875 0.5805555555555556
1 0.7375 0.7708333333333334 0.74375 0.775 0.74921875 0.7833333333333333 0.753125 0.7944444444444444 0.7546875 0.8069444444444445 0.7515625 0.8319444444444445 0.74453125 0.8444444444444444 0.7375 0.85 0.7265625 0.8486111111111111 0.71875 0.8416666666666667 0.71328125 0.8319444444444445 0.709375 0.8097222222222222 0.7109375 0.7930555555555555 0.7203125 0.775 0.7265625 0.7708333333333334 0.73671875 0.7708333333333334
1 0.73828125 0.38472222222222224 0.74453125 0.3902777777777778 0.75078125 0.4027777777777778 0.753125 0.41388888888888886 0.753125 0.4263888888888889 0.7484375 0.44583333333333336 0.7421875 0.45555555555555555 0.734375 0.4597222222222222 0.7234375 0.45694444444444443 0.71640625 0.45 0.71015625 0.43472222222222223 0.70859375 0.41388888888888886 0.71015625 0.4027777777777778 0.71953125 0.3861111111111111 0.72734375 0.3819444444444444 0.7375 0.38472222222222224