0 0.58125 0.5527777777777778 0.59140625 0.5694444444444444 0.59375 0.5833333333333334 0.59375 0.5972222222222222 0.58828125 0.6138888888888889 0.575 0.625 0.5671875 0.625 0.55703125 0.6152777777777778 0.55078125 0.5986111111111111 0.55078125 0.5819444444444445 0.553125 0.5680555555555555 0.55859375 0.5569444444444445 0.56875 0.55 0.58046875 0.5527777777777778
0 0.515625 0.7361111111111112 0.525 0.7416666666666667 0.5328125 0.7541666666666667 0.5359375 0.7680555555555556 0.5359375 0.7847222222222222 0.5296875 0.8041666666666667 0.52109375 0.8138888888888889 0.51484375 0.8166666666666667 0.50859375 0.8152777777777778 0.49765625 0.8041666666666667 0.4921875 0.7847222222222222 0.4921875 0.7666666666666667 0.496875 0.75 0.50546875 0.7388888888888889 0.51484375 0.7361111111111112
0 0.634375 0.8347222222222223 0.6421875 0.8402777777777778 0.64921875 0.8513888888888889 0.653125 0.8680555555555556 0.653125 0.8833333333333333 0.65 0.8972222222222223 0.6453125 0.9055555555555556 0.6328125 0.9152777777777777 0.62265625 0.9125 0.6171875 0.9055555555555556 0.6109375 0.8902777777777777 0.609375 0.875 0.61171875 0.8555555555555555 0.61640625 0.8444444444444444 0.625 0.8361111111111111 0.63359375 0.8347222222222223
0 0.58125 0.7402777777777778 0.59140625 0.7555555555555555 0.59375 0.7652777777777777 0.59453125 0.7833333333333333 0.58984375 0.8027777777777778 0.5765625 0.8166666666666667 0.56796875 0.8166666666666667 0.553125 0.7986111111111112 0.55078125 0.7861111111111111 0.55078125 0.7680555555555556 0.553125 0.7555555555555555 0.56015625 0.7430555555555556 0.5671875 0.7375 0.57734375 0.7375 0.58046875 0.7402777777777778
0 0.634375 0.6430555555555556 0.64375 0.6513888888888889 0.6484375 0.6597222222222222 0.65078125 0.6694444444444444 0.65078125 0.6902777777777778 0.64765625 0.7055555555555556 0.640625 0.7166666666666667 0.634375 0.7208333333333333 0.62578125 0.7208333333333333 0.6203125 0.7166666666666667 0.61328125 0.7055555555555556 0.60859375 0.6916666666666667 0.609375 0.6708333333333333 0.6140625 0.6555555555555556 0.621875 0.6458333333333334 0.63359375 0.6430555555555556
0 0.4015625 0.8319444444444445 0.4078125 0.8361111111111111 0.415625 0.85 0.41796875 0.8611111111111112 0.41796875 0.8777777777777778 0.415625 0.8902777777777777 0.4109375 0.9013888888888889 0.3984375 0.9111111111111111 0.38984375 0.9097222222222222 0.37890625 0.8958333333333334 0.375 0.8819444444444444 0.37421875 0.8625 0.3765625 0.85 0.384375 0.8375 0.3921875 0.8319444444444445 0.40078125 0.8319444444444445
0 0.51484375 0.8333333333333334 0.52578125 0.8402777777777778 0.53359375 0.8555555555555555 0.5359375 0.8694444444444445 0.53515625 0.8833333333333333 0.53125 0.8972222222222223 0.52578125 0.9069444444444444 0.515625 0.9138888888888889 0.50859375 0.9125 0.49921875 0.9041666666666667 0.49453125 0.8944444444444445 0.4921875 0.8833333333333333 0.4921875 0.8625 0.49609375 0.8486111111111111 0.5046875 0.8361111111111111 0.5140625 0.8333333333333334
0 0.4640625 0.8361111111111111 0.4734375 0.8486111111111111 0.4765625 0.8625 0.4765625 0.8805555555555555 0.4703125 0.9013888888888889 0.4609375 0.9111111111111111 0.45625 0.9125 0.4421875 0.9055555555555556 0.43515625 0.8916666666666667 0.4328125 0.8805555555555555 0.4328125 0.8625 0.43515625 0.8513888888888889 0.44609375 0.8347222222222223 0.46015625 0.8333333333333334 0.46328125 0.8361111111111111
0 0.69609375 0.8375 0.70625 0.8486111111111111 0.709375 0.8555555555555555 0.71171875 0.8652777777777778 0.71171875 0.8847222222222222 0.70625 0.9041666666666667 0.6921875 0.9152777777777777 0.68046875 0.9111111111111111 0.67421875 0.9027777777777778 0.66875 0.8847222222222222 0.66875 0.8680555555555556 0.67109375 0.8555555555555555 0.67734375 0.8416666666666667 0.684375 0.8361111111111111 0.6953125 0.8375
1 0.459375 0.6402777777777777 0.4703125 0.6486111111111111 0.478125 0.6694444444444444 0.478125 0.6888888888888889 0.47578125 0.6986111111111111 0.47109375 0.7097222222222223 0.46015625 0.7194444444444444 0.446875 0.7166666666666667 0.43828125 0.7041666666666667 0.43515625 0.6916666666666667 0.43515625 0.6708333333333333 0.43828125 0.6569444444444444 0.44921875 0.6416666666666667 0.45859375 0.6402777777777777
1 0.525 0.5527777777777778 0.534375 0.5680555555555555 0.53671875 0.5916666666666667 0.5328125 0.6097222222222223 0.5265625 0.6194444444444445 0.51875 0.625 0.5078125 0.6236111111111111 0.4984375 0.6125 0.49375 0.5986111111111111 0.49296875 0.5791666666666667 0.49609375 0.5638888888888889 0.50625 0.55 0.5203125 0.5486111111111112 0.52421875 0.5527777777777778
1 0.5796875 0.8361111111111111 0.58515625 0.8416666666666667 0.59140625 0.8541666666666666 0.59453125 0.8680555555555556 0.59453125 0.8805555555555555 0.59140625 0.8972222222222223 0.5859375 0.9069444444444444 0.5734375 0.9152777777777777 0.56484375 0.9125 0.55390625 0.8986111111111111 0.55 0.8819444444444444 0.55 0.8666666666666667 0.553125 0.8527777777777777 0.56015625 0.8402777777777778 0.5671875 0.8347222222222223 0.57421875 0.8333333333333334 0.57890625 0.8361111111111111
1 0.575 0.6416666666666667 0.58515625 0.6486111111111111 0.590625 0.6583333333333333 0.59375 0.6708333333333333 0.59453125 0.6875 0.59140625 0.7027777777777777 0.58515625 0.7138888888888889 0.57734375 0.7208333333333333 0.57109375 0.7222222222222222 0.56171875 0.7166666666666667 0.553125 0.7027777777777777 0.55 0.6888888888888889 0.55 0.6777777777777778 0.55390625 0.6597222222222222 0.55859375 0.65 0.56640625 0.6430555555555556 0.57421875 0.6416666666666667
1 0.40078125 0.7347222222222223 0.409375 0.7402777777777778 0.41640625 0.7527777777777778 0.41875 0.7625 0.41875 0.7833333333333333 0.41484375 0.7986111111111112 0.40859375 0.8083333333333333 0.40078125 0.8138888888888889 0.39296875 0.8138888888888889 0.384375 0.8069444444444445 0.37890625 0.7958333333333333 0.37578125 0.7805555555555556 0.3765625 0.7611111111111111 0.38203125 0.7458333333333333 0.390625 0.7361111111111112 0.4 0.7347222222222223
1 0.46015625 0.7361111111111112 0.465625 0.7388888888888889 0.47421875 0.7527777777777778 0.4765625 0.7611111111111111 0.47734375 0.7805555555555556 0.4703125 0.8055555555555556 0.45625 0.8166666666666667 0.4484375 0.8138888888888889 0.43828125 0.8013888888888889 0.434375 0.7861111111111111 0.434375 0.7666666666666667 0.43671875 0.7555555555555555 0.44375 0.7416666666666667 0.45078125 0.7361111111111112 0.459375 0.7361111111111112
1 0.34296875 0.8305555555555556 0.35078125 0.8375 0.35546875 0.8458333333333333 0.359375 0.8638888888888889 0.35859375 0.8833333333333333 0.35546875 0.8930555555555556 0.34921875 0.9041666666666667 0.34375 0.9083333333333333 0.3328125 0.9083333333333333 0.325 0.9013888888888889 0.31875 0.8902777777777777 0.315625 0.8708333333333333 0.31796875 0.8513888888888889 0.32421875 0.8388888888888889 0.33359375 0.8305555555555556 0.3421875 0.8305555555555556
1 0.52265625 0.6430555555555556 0.5328125 0.6583333333333333 0.5359375 0.6694444444444444 0.5359375 0.6902777777777778 0.5328125 0.7027777777777777 0.52578125 0.7152777777777778 0.51796875 0.7208333333333333 0.50703125 0.7194444444444444 0.4984375 0.7097222222222223 0.49296875 0.6916666666666667 0.49296875 0.6722222222222223 0.496875 0.6569444444444444 0.503125 0.6458333333333334 0.509375 0.6416666666666667 0.521875 0.6430555555555556
1 0.6328125 0.7375 0.646875 0.75 0.6515625 0.7638888888888888 0.65234375 0.7833333333333333 0.64921875 0.8 0.64375 0.8097222222222222 0.63203125 0.8180555555555555 0.62421875 0.8166666666666667 0.61875 0.8111111111111111 0.609375 0.7902777777777777 0.609375 0.7680555555555556 0.61328125 0.7513888888888889 0.6203125 0.7416666666666667 0.63203125 0.7375