0 0.5578125 0.7166666666666667 0.5671875 0.7305555555555555 0.5703125 0.7430555555555556 0.5703125 0.7541666666666667 0.56875 0.7666666666666667 0.56484375 0.7777777777777778 0.5515625 0.7902777777777777 0.5421875 0.7888888888888889 0.53203125 0.7791666666666667 0.5265625 0.7666666666666667 0.525 0.7472222222222222 0.52890625 0.7291666666666666 0.5359375 0.7180555555555556 0.54921875 0.7125 0.55703125 0.7166666666666667
0 0.61796875 0.7138888888888889 0.6265625 0.7263888888888889 0.6296875 0.7375 0.6296875 0.7583333333333333 0.62265625 0.7777777777777778 0.61171875 0.7875 0.60234375 0.7861111111111111 0.590625 0.7736111111111111 0.58515625 0.7597222222222222 0.584375 0.7430555555555556 0.5875 0.7291666666666666 0.59453125 0.7166666666666667 0.6046875 0.7097222222222223 0.6171875 0.7138888888888889
0 0.61796875 0.6180555555555556 0.6265625 0.6347222222222222 0.62890625 0.6555555555555556 0.6265625 0.6708333333333333 0.62265625 0.6819444444444445 0.61171875 0.6930555555555555 0.60234375 0.6930555555555555 0.58984375 0.6819444444444445 0.584375 0.6708333333333333 0.5828125 0.6472222222222223 0.58515625 0.6333333333333333 0.5953125 0.6180555555555556 0.6015625 0.6138888888888889 0.61171875 0.6138888888888889 0.6171875 0.6180555555555556
0 0.5484375 0.5208333333333334 0.5609375 0.5319444444444444 0.5671875 0.5527777777777778 0.5671875 0.5708333333333333 0.56484375 0.5805555555555556 0.559375 0.5916666666666667 0.55 0.6013888888888889 0.5390625 0.6013888888888889 0.52890625 0.5930555555555556 0.52265625 0.5791666666666667 0.5203125 0.5666666666666667 0.52109375 0.5472222222222223 0.5265625 0.5319444444444444 0.5359375 0.5222222222222223 0.54765625 0.5208333333333334
0 0.4875 0.6208333333333333 0.50234375 0.6319444444444444 0.5078125 0.6444444444444445 0.509375 0.6541666666666667 0.50859375 0.6736111111111112 0.5046875 0.6861111111111111 0.49921875 0.6944444444444444 0.49140625 0.7 0.4828125 0.7 0.4734375 0.6930555555555555 0.46640625 0.6805555555555556 0.46328125 0.6680555555555555 0.46328125 0.6527777777777778 0.46640625 0.6375 0.478125 0.6222222222222222 0.48671875 0.6208333333333333
0 0.4953125 0.7180555555555556 0.50703125 0.7319444444444444 0.5109375 0.7458333333333333 0.51171875 0.7583333333333333 0.50703125 0.7777777777777778 0.49453125 0.7930555555555555 0.484375 0.7930555555555555 0.4765625 0.7875 0.4703125 0.7777777777777778 0.465625 0.7597222222222222 0.46640625 0.7430555555555556 0.47421875 0.7236111111111111 0.48359375 0.7166666666666667 0.49453125 0.7180555555555556
1 0.49375 0.5291666666666667 0.5015625 0.5388888888888889 0.50625 0.5513888888888889 0.50625 0.575 0.50234375 0.5902777777777778 0.4953125 0.6013888888888889 0.4890625 0.6055555555555555 0.48046875 0.6055555555555555 0.4703125 0.5986111111111111 0.46328125 0.5847222222222223 0.46015625 0.5569444444444445 0.46640625 0.5361111111111111 0.47421875 0.5277777777777778 0.4859375 0.525 0.49296875 0.5291666666666667
1 0.60625 0.5166666666666667 0.61875 0.525 0.6234375 0.5333333333333333 0.62734375 0.5472222222222223 0.62734375 0.5652777777777778 0.62421875 0.5805555555555556 0.6171875 0.5916666666666667 0.609375 0.5972222222222222 0.6015625 0.5972222222222222 0.5921875 0.5916666666666667 0.58671875 0.5847222222222223 0.58125 0.5680555555555555 0.58203125 0.5458333333333333 0.5859375 0.5319444444444444 0.59609375 0.5194444444444445 0.60546875 0.5166666666666667
1 0.4359375 0.7222222222222222 0.44453125 0.7305555555555555 0.44921875 0.7402777777777778 0.4515625 0.7527777777777778 0.4515625 0.7666666666666667 0.44921875 0.7777777777777778 0.4421875 0.7902777777777777 0.43359375 0.7958333333333333 0.42421875 0.7944444444444444 0.415625 0.7861111111111111 0.4109375 0.7777777777777778 0.40703125 0.7555555555555555 0.41015625 0.7361111111111112 0.415625 0.7263888888888889 0.42265625 0.7208333333333333 0.43515625 0.7222222222222222
1 0.54921875 0.6180555555555556 0.56015625 0.6263888888888889 0.565625 0.6361111111111111 0.56875 0.6486111111111111 0.56875 0.6652777777777777 0.56640625 0.6763888888888889 0.56015625 0.6888888888888889 0.5515625 0.6958333333333333 0.540625 0.6958333333333333 0.534375 0.6916666666666667 0.52734375 0.6805555555555556 0.52265625 0.6625 0.52421875 0.6402777777777777 0.53046875 0.6263888888888889 0.5390625 0.6194444444444445 0.5484375 0.6180555555555556
1 0.678125 0.7111111111111111 0.68828125 0.7277777777777777 0.690625 0.7472222222222222 0.6859375 0.7680555555555556 0.67890625 0.7791666666666667 0.67265625 0.7833333333333333 0.6625 0.7833333333333333 0.653125 0.7763888888888889 0.646875 0.7638888888888888 0.64453125 0.7472222222222222 0.64765625 0.7277777777777777 0.65390625 0.7152777777777778 0.6640625 0.7083333333333334 0.67421875 0.7083333333333334 0.67734375 0.7111111111111111