0 0.659375 0.31527777777777777 0.66796875 0.32222222222222224 0.67421875 0.3333333333333333 0.678125 0.35555555555555557 0.6765625 0.3763888888888889 0.6734375 0.3861111111111111 0.665625 0.39861111111111114 0.65625 0.4041666666666667 0.64375 0.4 0.6359375 0.3902777777777778 0.6296875 0.3680555555555556 0.6296875 0.3472222222222222 0.634375 0.33055555555555555 0.640625 0.32083333333333336 0.6484375 0.31527777777777777 0.65859375 0.31527777777777777
0 0.66640625 0.7458333333333333 0.67578125 0.7527777777777778 0.68203125 0.7666666666666667 0.68359375 0.7958333333333333 0.67890625 0.8138888888888889 0.67421875 0.8222222222222222 0.66171875 0.8319444444444445 0.65234375 0.8305555555555556 0.63984375 0.8152777777777778 0.6359375 0.8 0.6359375 0.7833333333333333 0.63984375 0.7638888888888888 0.64609375 0.7527777777777778 0.65390625 0.7458333333333333 0.665625 0.7458333333333333
0 0.59921875 0.8569444444444444 0.60703125 0.8597222222222223 0.61328125 0.8666666666666667 0.61953125 0.8805555555555555 0.62109375 0.8902777777777777 0.62109375 0.9069444444444444 0.61640625 0.925 0.6109375 0.9347222222222222 0.6015625 0.9430555555555555 0.59140625 0.9430555555555555 0.58125 0.9361111111111111 0.57421875 0.9208333333333333 0.571875 0.9069444444444444 0.571875 0.8888888888888888 0.5765625 0.875 0.5859375 0.8611111111111112 0.5984375 0.8569444444444444
0 0.53515625 0.8625 0.54375 0.8680555555555556 0.5515625 0.8791666666666667 0.55546875 0.8944444444444445 0.55546875 0.9111111111111111 0.54921875 0.9347222222222222 0.54375 0.9430555555555555 0.534375 0.95 0.525 0.95 0.51484375 0.9416666666666667 0.50703125 0.9236111111111112 0.50546875 0.9055555555555556 0.50703125 0.8916666666666667 0.51484375 0.8722222222222222 0.525 0.8638888888888889 0.534375 0.8625
0 0.66640625 0.8513888888888889 0.67421875 0.8555555555555555 0.6828125 0.8694444444444445 0.6859375 0.8902777777777777 0.68515625 0.9027777777777778 0.68046875 0.9194444444444444 0.67421875 0.9291666666666667 0.66171875 0.9375 0.65 0.9333333333333333 0.6421875 0.9208333333333333 0.63828125 0.9083333333333333 0.6375 0.8930555555555556 0.63984375 0.875 0.64375 0.8652777777777778 0.653125 0.8541666666666666 0.665625 0.8513888888888889
0 0.52578125 0.32083333333333336 0.5375 0.33055555555555555 0.5421875 0.3402777777777778 0.54609375 0.35555555555555557 0.54609375 0.3763888888888889 0.54296875 0.3902777777777778 0.53515625 0.4041666666666667 0.5265625 0.4111111111111111 0.515625 0.4111111111111111 0.50546875 0.4013888888888889 0.49921875 0.3902777777777778 0.49609375 0.37222222222222223 0.496875 0.3541666666666667 0.5015625 0.33611111111111114 0.51171875 0.3236111111111111 0.525 0.32083333333333336
0 0.4640625 0.4361111111111111 0.4734375 0.44583333333333336 0.478125 0.45555555555555555 0.48125 0.46944444444444444 0.48203125 0.4861111111111111 0.48046875 0.49722222222222223 0.47421875 0.5125 0.46015625 0.525 0.446875 0.5222222222222223 0.43515625 0.5069444444444444 0.43125 0.4930555555555556 0.43125 0.4652777777777778 0.43515625 0.4527777777777778 0.44140625 0.44166666666666665 0.45078125 0.43472222222222223 0.46328125 0.4361111111111111
0 0.73203125 0.6347222222222222 0.74453125 0.6513888888888889 0.746875 0.6638888888888889 0.746875 0.6847222222222222 0.7421875 0.7027777777777777 0.7328125 0.7166666666666667 0.7265625 0.7208333333333333 0.715625 0.7194444444444444 0.7046875 0.7069444444444445 0.69921875 0.6888888888888889 0.69921875 0.6694444444444444 0.70234375 0.6555555555555556 0.71015625 0.6402777777777777 0.7203125 0.6333333333333333 0.73125 0.6347222222222222
0 0.4703125 0.6555555555555556 0.47734375 0.6638888888888889 0.48359375 0.6791666666666667 0.48515625 0.6888888888888889 0.484375 0.7097222222222223 0.47734375 0.7305555555555555 0.4640625 0.7416666666666667 0.45546875 0.7416666666666667 0.44453125 0.7333333333333333 0.440625 0.7263888888888889 0.43515625 0.7097222222222223 0.43515625 0.6875 0.43828125 0.675 0.44765625 0.6583333333333333 0.45625 0.6527777777777778 0.46640625 0.6527777777777778 0.46953125 0.6555555555555556
0 0.4703125 0.7625 0.4765625 0.7680555555555556 0.484375 0.7819444444444444 0.4875 0.7972222222222223 0.4875 0.8083333333333333 0.48125 0.8333333333333334 0.47578125 0.8416666666666667 0.465625 0.8486111111111111 0.45625 0.8486111111111111 0.4453125 0.8388888888888889 0.43828125 0.8222222222222222 0.43671875 0.8027777777777778 0.43828125 0.7875 0.44609375 0.7708333333333334 0.45859375 0.7611111111111111 0.46953125 0.7625
0 0.79375 0.7333333333333333 0.8015625 0.7388888888888889 0.809375 0.7527777777777778 0.8109375 0.7833333333333333 0.80546875 0.8041666666666667 0.796875 0.8166666666666667 0.7921875 0.8194444444444444 0.78046875 0.8180555555555555 0.76875 0.8027777777777778 0.76484375 0.7861111111111111 0.76484375 0.7694444444444445 0.76796875 0.7555555555555555 0.77421875 0.7430555555555556 0.7828125 0.7347222222222223 0.79296875 0.7333333333333333
0 0.5953125 0.5347222222222222 0.60703125 0.5430555555555555 0.61328125 0.5555555555555556 0.615625 0.5666666666666667 0.615625 0.5888888888888889 0.60859375 0.6125 0.5984375 0.6236111111111111 0.59140625 0.625 0.584375 0.6236111111111111 0.57109375 0.6069444444444444 0.5671875 0.5902777777777778 0.5671875 0.5666666666666667 0.5703125 0.5541666666666667 0.578125 0.5416666666666666 0.58515625 0.5361111111111111 0.59453125 0.5347222222222222
0 0.5328125 0.7555555555555555 0.540625 0.7597222222222222 0.55 0.7736111111111111 0.553125 0.7847222222222222 0.55390625 0.8013888888888889 0.55234375 0.8152777777777778 0.5484375 0.8277777777777777 0.53984375 0.8388888888888889 0.53203125 0.8430555555555556 0.52421875 0.8430555555555556 0.5125 0.8347222222222223 0.50703125 0.8236111111111111 0.50390625 0.8097222222222222 0.50390625 0.7902777777777777 0.50859375 0.7736111111111111 0.51796875 0.7597222222222222 0.53203125 0.7555555555555555
0 0.79453125 0.8388888888888889 0.803125 0.8444444444444444 0.80859375 0.8527777777777777 0.81328125 0.8694444444444445 0.81328125 0.8833333333333333 0.8109375 0.8986111111111111 0.8046875 0.9125 0.790625 0.9236111111111112 0.7796875 0.9208333333333333 0.77109375 0.9097222222222222 0.76640625 0.8916666666666667 0.76640625 0.875 0.771875 0.8541666666666666 0.77890625 0.8444444444444444 0.784375 0.8402777777777778 0.79375 0.8388888888888889
0 0.6046875 0.6472222222222223 0.615625 0.6666666666666666 0.6171875 0.675 0.6171875 0.6986111111111111 0.6140625 0.7111111111111111 0.60859375 0.7208333333333333 0.5984375 0.7305555555555555 0.58671875 0.7305555555555555 0.57421875 0.7166666666666667 0.56875 0.6958333333333333 0.56875 0.6763888888888889 0.57421875 0.6583333333333333 0.584375 0.6458333333333334 0.596875 0.6430555555555556 0.60390625 0.6472222222222223
1 0.47109375 0.8708333333333333 0.48046875 0.8777777777777778 0.4875 0.8930555555555556 0.4890625 0.9208333333333333 0.48515625 0.9361111111111111 0.47890625 0.9472222222222222 0.4671875 0.9569444444444445 0.46015625 0.9569444444444445 0.44609375 0.9444444444444444 0.440625 0.9333333333333333 0.4390625 0.9069444444444444 0.4421875 0.8902777777777777 0.45 0.8763888888888889 0.4609375 0.8694444444444445 0.4703125 0.8708333333333333
1 0.66484375 0.4263888888888889 0.67578125 0.44166666666666665 0.67890625 0.45555555555555555 0.67890625 0.475 0.6734375 0.49722222222222223 0.66640625 0.5069444444444444 0.6578125 0.5125 0.64609375 0.5097222222222222 0.63515625 0.49444444444444446 0.63125 0.4777777777777778 0.63125 0.45555555555555555 0.6359375 0.4388888888888889 0.6421875 0.42916666666666664 0.64921875 0.4236111111111111 0.6609375 0.4236111111111111 0.6640625 0.4263888888888889
1 0.6640625 0.6388888888888888 0.6765625 0.6513888888888889 0.68203125 0.6694444444444444 0.6828125 0.6819444444444445 0.68046875 0.6986111111111111 0.67578125 0.7125 0.67109375 0.7194444444444444 0.66015625 0.7263888888888889 0.6484375 0.7236111111111111 0.63828125 0.7097222222222223 0.634375 0.6958333333333333 0.634375 0.675 0.63671875 0.6611111111111111 0.64453125 0.6458333333333334 0.653125 0.6388888888888888 0.66328125 0.6388888888888888
1 0.59140625 0.31805555555555554 0.6046875 0.32916666666666666 0.6125 0.3541666666666667 0.6125 0.37083333333333335 0.60625 0.39444444444444443 0.5984375 0.4041666666666667 0.59140625 0.4083333333333333 0.584375 0.4083333333333333 0.57265625 0.39861111111111114 0.565625 0.38472222222222224 0.56328125 0.37222222222222223 0.56328125 0.35138888888888886 0.5671875 0.33611111111111114 0.5734375 0.325 0.5796875 0.3194444444444444 0.590625 0.31805555555555554
1 0.53203125 0.6486111111111111 0.54296875 0.6583333333333333 0.55 0.6736111111111112 0.5515625 0.6819444444444445 0.55 0.7111111111111111 0.5421875 0.7277777777777777 0.5328125 0.7361111111111112 0.521875 0.7361111111111112 0.5140625 0.7305555555555555 0.5046875 0.7138888888888889 0.50234375 0.7 0.50234375 0.6819444444444445 0.50703125 0.6652777777777777 0.5171875 0.6513888888888889 0.53125 0.6486111111111111
1 0.4578125 0.325 0.46796875 0.33194444444444443 0.47421875 0.34305555555555556 0.47890625 0.3597222222222222 0.4796875 0.375 0.4765625 0.39166666666666666 0.47109375 0.4041666666666667 0.465625 0.4111111111111111 0.4578125 0.4152777777777778 0.44765625 0.41388888888888886 0.43828125 0.40555555555555556 0.43203125 0.39444444444444443 0.42890625 0.38055555555555554 0.4296875 0.35555555555555557 0.43515625 0.3375 0.4453125 0.3263888888888889 0.45703125 0.325
1 0.66328125 0.5319444444444444 0.6703125 0.5375 0.67734375 0.55 0.68046875 0.5638888888888889 0.68046875 0.5819444444444445 0.6765625 0.6 0.67109375 0.6097222222222223 0.6609375 0.6194444444444445 0.65078125 0.6194444444444445 0.63671875 0.6027777777777777 0.6328125 0.5888888888888889 0.6328125 0.5638888888888889 0.63671875 0.55 0.64453125 0.5361111111111111 0.6546875 0.5305555555555556 0.6625 0.5319444444444444
1 0.52890625 0.43194444444444446 0.53671875 0.4375 0.54375 0.4486111111111111 0.54765625 0.4625 0.5484375 0.48194444444444445 0.54453125 0.5 0.53515625 0.5152777777777777 0.5265625 0.5208333333333334 0.515625 0.5194444444444445 0.50546875 0.5083333333333333 0.5 0.49444444444444446 0.49765625 0.46944444444444444 0.5015625 0.45 0.5078125 0.4388888888888889 0.51640625 0.43194444444444446 0.528125 0.43194444444444446
1 0.46171875 0.5444444444444444 0.47265625 0.5527777777777778 0.48046875 0.5680555555555555 0.4828125 0.5763888888888888 0.4828125 0.6027777777777777 0.47421875 0.6236111111111111 0.46640625 0.6319444444444444 0.459375 0.6347222222222222 0.44765625 0.6305555555555555 0.4375 0.6152777777777778 0.43359375 0.6 0.43359375 0.5763888888888888 0.43515625 0.5666666666666667 0.4421875 0.5527777777777778 0.45 0.5458333333333333 0.4609375 0.5444444444444444
1 0.60546875 0.7541666666666667 0.615625 0.7694444444444445 0.61875 0.7819444444444444 0.61953125 0.7986111111111112 0.6140625 0.8208333333333333 0.60703125 0.8319444444444445 0.5984375 0.8375 0.58515625 0.8347222222222223 0.5734375 0.8180555555555555 0.5703125 0.8055555555555556 0.5703125 0.7861111111111111 0.5734375 0.7708333333333334 0.58046875 0.7583333333333333 0.58984375 0.7513888888888889 0.6015625 0.7513888888888889 0.6046875 0.7541666666666667
1 0.5921875 0.4263888888888889 0.60390625 0.43472222222222223 0.61015625 0.44583333333333336 0.6140625 0.4638888888888889 0.6140625 0.4791666666666667 0.609375 0.4986111111111111 0.6015625 0.5111111111111111 0.5921875 0.5166666666666667 0.5828125 0.5152777777777777 0.575 0.5083333333333333 0.5671875 0.4930555555555556 0.56484375 0.48055555555555557 0.565625 0.45694444444444443 0.56953125 0.44305555555555554 0.58046875 0.42916666666666664 0.59140625 0.4263888888888889
1 0.73125 0.7402777777777778 0.73828125 0.7458333333333333 0.7453125 0.7583333333333333 0.74765625 0.7708333333333334 0.74765625 0.7875 0.74140625 0.8125 0.73125 0.8236111111111111 0.72421875 0.8263888888888888 0.7171875 0.825 0.70546875 0.8111111111111111 0.7015625 0.7972222222222223 0.70078125 0.7763888888888889 0.70703125 0.7541666666666667 0.7125 0.7458333333333333 0.7203125 0.7402777777777778 0.73046875 0.7402777777777778
1 0.5296875 0.5402777777777777 0.53828125 0.5458333333333333 0.54609375 0.5597222222222222 0.55 0.575 0.55 0.5944444444444444 0.546875 0.6083333333333333 0.53984375 0.6208333333333333 0.528125 0.6291666666666667 0.51640625 0.6263888888888889 0.50390625 0.6097222222222223 0.50078125 0.5986111111111111 0.5 0.5777777777777777 0.50390625 0.5583333333333333 0.51171875 0.5458333333333333 0.51875 0.5402777777777777 0.52890625 0.5402777777777777
1 0.73125 0.8458333333333333 0.7390625 0.8513888888888889 0.74609375 0.8625 0.74921875 0.8875 0.7484375 0.8986111111111111 0.74453125 0.9125 0.7359375 0.925 0.72734375 0.9305555555555556 0.7171875 0.9291666666666667 0.70625 0.9152777777777777 0.70234375 0.9 0.70234375 0.8847222222222222 0.7046875 0.8708333333333333 0.71015625 0.8569444444444444 0.7234375 0.8458333333333333 0.73046875 0.8458333333333333