0 0.5578125 0.26805555555555555 0.56875 0.28194444444444444 0.57265625 0.29583333333333334 0.57265625 0.3111111111111111 0.56796875 0.3333333333333333 0.56328125 0.3416666666666667 0.55546875 0.3486111111111111 0.54375 0.3472222222222222 0.5328125 0.3347222222222222 0.52890625 0.31527777777777777 0.52890625 0.29444444444444445 0.53515625 0.2777777777777778 0.540625 0.2708333333333333 0.54609375 0.26666666666666666 0.55703125 0.26805555555555555
0 0.4953125 0.4597222222222222 0.503125 0.4652777777777778 0.50859375 0.4736111111111111 0.51171875 0.48194444444444445 0.51328125 0.5041666666666667 0.51171875 0.5180555555555556 0.50859375 0.5263888888888889 0.50390625 0.5333333333333333 0.49453125 0.5388888888888889 0.4875 0.5375 0.48125 0.5305555555555556 0.47578125 0.5208333333333334 0.471875 0.5041666666666667 0.471875 0.49027777777777776 0.475 0.47638888888888886 0.484375 0.4625 0.49453125 0.4597222222222222
0 0.44140625 0.55 0.45234375 0.5597222222222222 0.4578125 0.5763888888888888 0.4578125 0.6 0.45625 0.6069444444444444 0.45 0.6194444444444445 0.44375 0.6236111111111111 0.4375 0.6236111111111111 0.428125 0.6152777777777778 0.421875 0.6027777777777777 0.41953125 0.5902777777777778 0.41953125 0.575 0.42421875 0.5597222222222222 0.43125 0.5513888888888889 0.440625 0.55
0 0.396875 0.3680555555555556 0.40234375 0.3763888888888889 0.4046875 0.38472222222222224 0.40625 0.4097222222222222 0.403125 0.4236111111111111 0.39296875 0.4375 0.3828125 0.4361111111111111 0.37265625 0.4236111111111111 0.36953125 0.41388888888888886 0.36875 0.39305555555555555 0.371875 0.3763888888888889 0.3796875 0.36527777777777776 0.38828125 0.3625 0.39609375 0.3680555555555556
0 0.39140625 0.5444444444444444 0.4015625 0.5555555555555556 0.40546875 0.5680555555555555 0.40703125 0.5847222222222223 0.4015625 0.6083333333333333 0.39375 0.6166666666666667 0.38671875 0.6166666666666667 0.3765625 0.6069444444444444 0.37265625 0.5986111111111111 0.3703125 0.5847222222222223 0.3703125 0.5708333333333333 0.37265625 0.5569444444444445 0.38125 0.5458333333333333 0.390625 0.5444444444444444
0 0.34140625 0.5388888888888889 0.34609375 0.5416666666666666 0.353125 0.5527777777777778 0.35703125 0.5680555555555555 0.35546875 0.5944444444444444 0.3515625 0.6027777777777777 0.34453125 0.6097222222222223 0.33828125 0.6097222222222223 0.33203125 0.6041666666666666 0.32421875 0.5888888888888889 0.32265625 0.5763888888888888 0.32265625 0.5611111111111111 0.32578125 0.55 0.3328125 0.5402777777777777 0.340625 0.5388888888888889
0 0.55234375 0.5611111111111111 0.56015625 0.5666666666666667 0.565625 0.5763888888888888 0.56953125 0.5930555555555556 0.56796875 0.6194444444444445 0.5609375 0.6333333333333333 0.553125 0.6388888888888888 0.54609375 0.6388888888888888 0.53984375 0.6347222222222222 0.53203125 0.6236111111111111 0.52734375 0.6055555555555555 0.52734375 0.5861111111111111 0.53046875 0.575 0.540625 0.5625 0.5515625 0.5611111111111111
1 0.496875 0.5555555555555556 0.50703125 0.5680555555555555 0.5109375 0.5791666666666667 0.5125 0.5916666666666667 0.51171875 0.6083333333333333 0.509375 0.6166666666666667 0.50390625 0.6263888888888889 0.4984375 0.6305555555555555 0.490625 0.6305555555555555 0.48359375 0.6263888888888889 0.4765625 0.6138888888888889 0.47265625 0.5972222222222222 0.4734375 0.5791666666666667 0.47734375 0.5666666666666667 0.484375 0.5569444444444445 0.48984375 0.5541666666666667 0.49609375 0.5555555555555556
1 0.44609375 0.2722222222222222 0.45546875 0.2861111111111111 0.45859375 0.30694444444444446 0.4546875 0.3333333333333333 0.44921875 0.34305555555555556 0.44296875 0.3472222222222222 0.43359375 0.3458333333333333 0.4265625 0.3388888888888889 0.42109375 0.325 0.41953125 0.3055555555555556 0.42265625 0.2875 0.42890625 0.275 0.43671875 0.26944444444444443 0.4453125 0.2722222222222222
1 0.55390625 0.36666666666666664 0.56171875 0.37222222222222223 0.5671875 0.3819444444444444 0.571875 0.4013888888888889 0.56796875 0.4305555555555556 0.5640625 0.4388888888888889 0.55546875 0.44583333333333336 0.54765625 0.44583333333333336 0.5390625 0.44027777777777777 0.53125 0.425 0.52890625 0.4111111111111111 0.52890625 0.3958333333333333 0.53203125 0.38333333333333336 0.54296875 0.3680555555555556 0.553125 0.36666666666666664
1 0.3921875 0.45555555555555555 0.40078125 0.4652777777777778 0.40625 0.4861111111111111 0.4046875 0.5083333333333333 0.4015625 0.5180555555555556 0.3921875 0.5277777777777778 0.38671875 0.5277777777777778 0.37890625 0.5208333333333334 0.37265625 0.5083333333333333 0.3703125 0.49722222222222223 0.37109375 0.4791666666666667 0.375 0.4638888888888889 0.3828125 0.45555555555555555 0.39140625 0.45555555555555555
1 0.446875 0.46111111111111114 0.45625 0.4791666666666667 0.4578125 0.5041666666666667 0.4546875 0.5194444444444445 0.45 0.5277777777777778 0.4421875 0.5333333333333333 0.43125 0.5291666666666667 0.4265625 0.5222222222222223 0.42109375 0.5069444444444444 0.42109375 0.48333333333333334 0.425 0.46944444444444444 0.43203125 0.4583333333333333 0.4390625 0.45694444444444443 0.44609375 0.46111111111111114
1 0.44765625 0.3680555555555556 0.45625 0.38333333333333336 0.4578125 0.3902777777777778 0.4578125 0.4111111111111111 0.453125 0.4305555555555556 0.44375 0.44027777777777777 0.4359375 0.44027777777777777 0.42890625 0.43472222222222223 0.42109375 0.41805555555555557 0.41953125 0.4 0.4234375 0.37916666666666665 0.42890625 0.36944444444444446 0.43359375 0.36527777777777776 0.44375 0.36527777777777776 0.446875 0.3680555555555556
1 0.55859375 0.46805555555555556 0.5671875 0.48194444444444445 0.5703125 0.49722222222222223 0.5703125 0.5083333333333333 0.56640625 0.5291666666666667 0.56015625 0.5388888888888889 0.55390625 0.5430555555555555 0.5421875 0.5402777777777777 0.53203125 0.525 0.52890625 0.5152777777777777 0.528125 0.49444444444444446 0.53046875 0.48194444444444445 0.5390625 0.46805555555555556 0.5484375 0.4638888888888889 0.5578125 0.46805555555555556