0 0.4421875 0.7208333333333333 0.45390625 0.7305555555555555 0.45859375 0.7402777777777778 0.4609375 0.7513888888888889 0.46015625 0.7708333333333334 0.45625 0.7833333333333333 0.44921875 0.7930555555555555 0.4421875 0.7972222222222223 0.4265625 0.7902777777777777 0.41953125 0.7791666666666667 0.41640625 0.7652777777777777 0.41796875 0.7375 0.43125 0.7208333333333333 0.44140625 0.7208333333333333
0 0.43984375 0.625 0.44921875 0.6319444444444444 0.45546875 0.6430555555555556 0.45859375 0.6541666666666667 0.45859375 0.675 0.45625 0.6861111111111111 0.45078125 0.6958333333333333 0.43984375 0.7041666666666667 0.4296875 0.7027777777777777 0.42109375 0.6944444444444444 0.41484375 0.6819444444444445 0.41328125 0.6708333333333333 0.41328125 0.6513888888888889 0.41640625 0.6402777777777777 0.428125 0.6263888888888889 0.4390625 0.625
0 0.5671875 0.7152777777777778 0.57734375 0.7305555555555555 0.5796875 0.7430555555555556 0.5796875 0.7583333333333333 0.57578125 0.7736111111111111 0.5671875 0.7861111111111111 0.5625 0.7888888888888889 0.553125 0.7888888888888889 0.54375 0.7819444444444444 0.5359375 0.7652777777777777 0.53515625 0.7402777777777778 0.5390625 0.7263888888888889 0.54765625 0.7152777777777778 0.553125 0.7125 0.56328125 0.7125 0.56640625 0.7152777777777778
0 0.4984375 0.6208333333333333 0.51015625 0.6291666666666667 0.5171875 0.6444444444444445 0.51875 0.6527777777777778 0.51796875 0.6722222222222223 0.515625 0.6819444444444445 0.50859375 0.6944444444444444 0.50078125 0.7 0.49375 0.7 0.48359375 0.6944444444444444 0.4765625 0.6833333333333333 0.47265625 0.6694444444444444 0.47265625 0.65 0.47578125 0.6375 0.4875 0.6222222222222222 0.49765625 0.6208333333333333
0 0.5625 0.5222222222222223 0.575 0.5402777777777777 0.57734375 0.5625 0.57578125 0.575 0.571875 0.5861111111111111 0.56484375 0.5972222222222222 0.55546875 0.6013888888888889 0.54609375 0.5986111111111111 0.53828125 0.5916666666666667 0.53125 0.575 0.5296875 0.5583333333333333 0.5328125 0.5402777777777777 0.53984375 0.5263888888888889 0.55 0.5194444444444445 0.56171875 0.5222222222222223
0 0.62734375 0.7111111111111111 0.63828125 0.7305555555555555 0.6390625 0.7541666666666667 0.63671875 0.7652777777777777 0.63046875 0.7777777777777778 0.6203125 0.7847222222222222 0.61171875 0.7833333333333333 0.60078125 0.7736111111111111 0.5953125 0.7611111111111111 0.59453125 0.7416666666666667 0.5984375 0.7236111111111111 0.6046875 0.7138888888888889 0.615625 0.7069444444444445 0.6265625 0.7111111111111111
1 0.5546875 0.32222222222222224 0.56328125 0.32916666666666666 0.56953125 0.3402777777777778 0.57265625 0.3541666666666667 0.57265625 0.37222222222222223 0.56796875 0.3902777777777778 0.55625 0.4041666666666667 0.54296875 0.4041666666666667 0.53515625 0.3972222222222222 0.5296875 0.3875 0.52578125 0.36944444444444446 0.52890625 0.3416666666666667 0.534375 0.33055555555555555 0.54609375 0.32083333333333336 0.55390625 0.32222222222222224
1 0.5640625 0.6194444444444445 0.5765625 0.6375 0.57890625 0.6472222222222223 0.57890625 0.6638888888888889 0.571875 0.6847222222222222 0.5609375 0.6958333333333333 0.55078125 0.6958333333333333 0.54140625 0.6888888888888889 0.5328125 0.6680555555555555 0.53203125 0.6472222222222223 0.53515625 0.6347222222222222 0.54296875 0.6222222222222222 0.553125 0.6166666666666667 0.56328125 0.6194444444444445
1 0.56015625 0.4236111111111111 0.571875 0.4388888888888889 0.575 0.4527777777777778 0.575 0.4736111111111111 0.565625 0.49583333333333335 0.55703125 0.5027777777777778 0.54375 0.5013888888888889 0.53671875 0.49444444444444446 0.52890625 0.475 0.528125 0.45416666666666666 0.53046875 0.44166666666666665 0.53828125 0.42777777777777776 0.546875 0.4222222222222222 0.559375 0.4236111111111111
1 0.4984375 0.525 0.5046875 0.5291666666666667 0.51171875 0.5388888888888889 0.51640625 0.5555555555555556 0.51640625 0.5722222222222222 0.51328125 0.5875 0.50546875 0.6 0.49765625 0.6055555555555555 0.48984375 0.6055555555555555 0.4828125 0.6013888888888889 0.4734375 0.5875 0.46953125 0.575 0.46953125 0.5569444444444445 0.4734375 0.5402777777777777 0.4859375 0.525 0.49765625 0.525
1 0.68359375 0.7055555555555556 0.6953125 0.7194444444444444 0.6984375 0.7333333333333333 0.6984375 0.7472222222222222 0.69609375 0.7597222222222222 0.68984375 0.7722222222222223 0.67890625 0.7805555555555556 0.6703125 0.7791666666666667 0.66171875 0.7722222222222223 0.65546875 0.7583333333333333 0.65390625 0.7375 0.65625 0.7263888888888889 0.66328125 0.7125 0.671875 0.7055555555555556 0.6828125 0.7055555555555556
1 0.5046875 0.7180555555555556 0.51328125 0.7263888888888889 0.51796875 0.7361111111111112 0.5203125 0.7472222222222222 0.5203125 0.7625 0.51796875 0.7736111111111111 0.5125 0.7847222222222222 0.50234375 0.7930555555555555 0.49140625 0.7916666666666666 0.48046875 0.7805555555555556 0.4765625 0.7694444444444445 0.475 0.7472222222222222 0.47734375 0.7361111111111112 0.48515625 0.7222222222222222 0.49296875 0.7166666666666667 0.50390625 0.7180555555555556