0 0.47109375 0.7208333333333333 0.47890625 0.7291666666666666 0.48359375 0.7388888888888889 0.4859375 0.7472222222222222 0.4859375 0.7611111111111111 0.48125 0.7833333333333333 0.47421875 0.7930555555555555 0.46484375 0.7986111111111112 0.45625 0.7972222222222223 0.44453125 0.7875 0.43671875 0.7708333333333334 0.43515625 0.7611111111111111 0.4359375 0.7472222222222222 0.440625 0.7305555555555555 0.45 0.7194444444444444 0.46171875 0.7166666666666667 0.4703125 0.7208333333333333
0 0.5375 0.6152777777777778 0.5453125 0.6222222222222222 0.553125 0.6375 0.5546875 0.6638888888888889 0.55078125 0.6805555555555556 0.54609375 0.6888888888888889 0.53203125 0.6986111111111111 0.5234375 0.6972222222222222 0.51171875 0.6875 0.50390625 0.6694444444444444 0.503125 0.6486111111111111 0.5078125 0.6291666666666667 0.515625 0.6180555555555556 0.52265625 0.6138888888888889 0.53671875 0.6152777777777778
0 0.46328125 0.3888888888888889 0.47578125 0.4 0.48046875 0.4083333333333333 0.48515625 0.4263888888888889 0.484375 0.4486111111111111 0.48125 0.4625 0.47421875 0.4736111111111111 0.465625 0.48055555555555557 0.453125 0.48055555555555557 0.44296875 0.4736111111111111 0.43515625 0.4597222222222222 0.43125 0.44305555555555554 0.43203125 0.4166666666666667 0.4390625 0.4 0.45078125 0.3888888888888889 0.4625 0.3888888888888889
0 0.61171875 0.5083333333333333 0.61796875 0.5138888888888888 0.6234375 0.5236111111111111 0.62734375 0.5430555555555555 0.6265625 0.5583333333333333 0.61953125 0.5805555555555556 0.609375 0.5916666666666667 0.603125 0.5944444444444444 0.58828125 0.5902777777777778 0.58046875 0.5805555555555556 0.575 0.5638888888888889 0.57421875 0.5416666666666666 0.5796875 0.5222222222222223 0.58671875 0.5125 0.59765625 0.5055555555555555 0.6109375 0.5083333333333333
0 0.39765625 0.7152777777777778 0.40859375 0.7236111111111111 0.41484375 0.7347222222222223 0.41875 0.7513888888888889 0.41875 0.7652777777777777 0.4125 0.7847222222222222 0.40859375 0.7902777777777777 0.39765625 0.7958333333333333 0.38671875 0.7944444444444444 0.38203125 0.7902777777777777 0.37265625 0.7763888888888889 0.36875 0.7625 0.36953125 0.7402777777777778 0.37734375 0.7208333333333333 0.38359375 0.7152777777777778 0.396875 0.7152777777777778
0 0.46171875 0.6111111111111112 0.47578125 0.6208333333333333 0.48359375 0.6361111111111111 0.4859375 0.65 0.48515625 0.6666666666666666 0.48125 0.6805555555555556 0.47578125 0.6888888888888889 0.46640625 0.6958333333333333 0.4546875 0.6958333333333333 0.4453125 0.6888888888888889 0.43828125 0.6763888888888889 0.434375 0.6597222222222222 0.434375 0.6416666666666667 0.4390625 0.6263888888888889 0.44921875 0.6138888888888889 0.4609375 0.6111111111111112
0 0.60546875 0.7222222222222222 0.61484375 0.7305555555555555 0.61953125 0.7402777777777778 0.621875 0.7513888888888889 0.621875 0.7680555555555556 0.61953125 0.7791666666666667 0.6140625 0.7902777777777777 0.6015625 0.8013888888888889 0.58828125 0.8 0.58046875 0.7930555555555555 0.571875 0.7736111111111111 0.57109375 0.7513888888888889 0.57421875 0.7402777777777778 0.5859375 0.7236111111111111 0.5921875 0.7208333333333333 0.6046875 0.7222222222222222
1 0.54140625 0.39444444444444443 0.55 0.4041666666666667 0.55390625 0.4125 0.55625 0.42083333333333334 0.55703125 0.44305555555555554 0.55234375 0.4638888888888889 0.5453125 0.475 0.53515625 0.48194444444444445 0.5234375 0.48055555555555557 0.5125 0.4708333333333333 0.50546875 0.4527777777777778 0.50390625 0.4263888888888889 0.5078125 0.4083333333333333 0.51953125 0.39305555555555555 0.53515625 0.3902777777777778 0.540625 0.39444444444444443
1 0.540625 0.5083333333333333 0.553125 0.5277777777777778 0.55546875 0.5388888888888889 0.55546875 0.5569444444444445 0.55 0.5777777777777777 0.540625 0.5888888888888889 0.53125 0.5930555555555556 0.51953125 0.5888888888888889 0.51015625 0.5777777777777777 0.5046875 0.5597222222222222 0.50390625 0.5375 0.50703125 0.5236111111111111 0.5171875 0.5083333333333333 0.52421875 0.5041666666666667 0.5328125 0.5041666666666667 0.53984375 0.5083333333333333
1 0.61015625 0.6194444444444445 0.621875 0.6375 0.62421875 0.6472222222222223 0.62421875 0.6652777777777777 0.61953125 0.6819444444444445 0.6140625 0.6916666666666667 0.60234375 0.7 0.59296875 0.6986111111111111 0.58203125 0.6902777777777778 0.57421875 0.6736111111111112 0.57265625 0.65 0.5765625 0.6347222222222222 0.5828125 0.6236111111111111 0.5890625 0.6180555555555556 0.60234375 0.6152777777777778 0.609375 0.6194444444444445
1 0.45625 0.5027777777777778 0.46875 0.5069444444444444 0.48125 0.525 0.484375 0.5375 0.48515625 0.5513888888888889 0.48046875 0.575 0.46953125 0.5888888888888889 0.459375 0.5916666666666667 0.4453125 0.5833333333333334 0.43671875 0.5680555555555555 0.43359375 0.5541666666666667 0.43515625 0.525 0.44453125 0.5083333333333333 0.45546875 0.5041666666666667
1 0.53359375 0.7194444444444444 0.54609375 0.7305555555555555 0.55078125 0.7402777777777778 0.553125 0.7513888888888889 0.553125 0.7652777777777777 0.546875 0.7875 0.54140625 0.7944444444444444 0.53046875 0.8 0.51640625 0.7944444444444444 0.5078125 0.7819444444444444 0.5046875 0.7722222222222223 0.50390625 0.7486111111111111 0.50703125 0.7361111111111112 0.515625 0.7236111111111111 0.52265625 0.7194444444444444 0.5328125 0.7194444444444444
1 0.675 0.725 0.68125 0.7305555555555555 0.6875 0.7430555555555556 0.68984375 0.7541666666666667 0.68984375 0.7652777777777777 0.68671875 0.7805555555555556 0.6796875 0.7944444444444444 0.6640625 0.8041666666666667 0.65546875 0.8013888888888889 0.64375 0.7861111111111111 0.63984375 0.7722222222222223 0.63984375 0.7541666666666667 0.64296875 0.7416666666666667 0.6484375 0.7319444444444444 0.6546875 0.7263888888888889 0.66015625 0.7236111111111111 0.67421875 0.725