0 0.56171875 0.7152777777777778 0.56796875 0.7194444444444444 0.57578125 0.7305555555555555 0.5796875 0.7458333333333333 0.5796875 0.7597222222222222 0.575 0.7777777777777778 0.5671875 0.7888888888888889 0.5609375 0.7930555555555555 0.55078125 0.7916666666666666 0.54140625 0.7819444444444444 0.53515625 0.7652777777777777 0.534375 0.7555555555555555 0.53515625 0.7416666666666667 0.54375 0.7222222222222222 0.55 0.7166666666666667 0.5609375 0.7152777777777778
0 0.4984375 0.33055555555555555 0.50703125 0.3416666666666667 0.5109375 0.3541666666666667 0.51171875 0.37916666666666665 0.503125 0.4013888888888889 0.48984375 0.4111111111111111 0.4796875 0.4083333333333333 0.46796875 0.39305555555555555 0.4640625 0.3763888888888889 0.4640625 0.35833333333333334 0.46953125 0.3388888888888889 0.478125 0.32916666666666666 0.4921875 0.3263888888888889 0.49765625 0.33055555555555555
0 0.6203125 0.6138888888888889 0.6296875 0.6208333333333333 0.634375 0.6291666666666667 0.63828125 0.6402777777777777 0.6390625 0.6541666666666667 0.634375 0.6777777777777778 0.62734375 0.6888888888888889 0.61875 0.6944444444444444 0.6078125 0.6916666666666667 0.596875 0.6777777777777778 0.59375 0.6652777777777777 0.59296875 0.6472222222222223 0.59453125 0.6361111111111111 0.6015625 0.6222222222222222 0.609375 0.6152777777777778 0.61953125 0.6138888888888889
0 0.62265625 0.7111111111111111 0.63046875 0.7166666666666667 0.6375 0.7291666666666666 0.63984375 0.7388888888888889 0.63984375 0.75 0.63828125 0.7638888888888888 0.634375 0.775 0.63125 0.7805555555555556 0.61875 0.7888888888888889 0.61015625 0.7861111111111111 0.6015625 0.7777777777777778 0.5953125 0.7652777777777777 0.59453125 0.7472222222222222 0.5984375 0.7277777777777777 0.60546875 0.7166666666666667 0.61328125 0.7111111111111111 0.621875 0.7111111111111111
0 0.49921875 0.6236111111111111 0.51171875 0.6347222222222222 0.51796875 0.6513888888888889 0.51796875 0.6708333333333333 0.515625 0.6819444444444445 0.50859375 0.6958333333333333 0.49921875 0.7027777777777777 0.490625 0.7027777777777777 0.48046875 0.6944444444444444 0.4734375 0.6805555555555556 0.47109375 0.6652777777777777 0.47109375 0.6541666666666667 0.4734375 0.6430555555555556 0.4796875 0.6319444444444444 0.4890625 0.6236111111111111 0.4984375 0.6236111111111111
0 0.5015625 0.7194444444444444 0.51171875 0.7277777777777777 0.51875 0.7416666666666667 0.5203125 0.7513888888888889 0.51875 0.7736111111111111 0.51171875 0.7888888888888889 0.50390625 0.7958333333333333 0.49375 0.7958333333333333 0.48671875 0.7916666666666666 0.47890625 0.7805555555555556 0.475 0.7666666666666667 0.475 0.7472222222222222 0.47734375 0.7375 0.48984375 0.7208333333333333 0.50078125 0.7194444444444444
0 0.7453125 0.7041666666666667 0.75390625 0.7125 0.7578125 0.7208333333333333 0.76015625 0.7444444444444445 0.75625 0.7625 0.74296875 0.7791666666666667 0.73203125 0.7791666666666667 0.7203125 0.7694444444444445 0.71484375 0.75 0.71484375 0.7375 0.71875 0.7194444444444444 0.72578125 0.7083333333333334 0.73671875 0.7027777777777777 0.74453125 0.7041666666666667
0 0.55703125 0.5208333333333334 0.56796875 0.5291666666666667 0.5734375 0.5388888888888889 0.57734375 0.5569444444444445 0.57421875 0.5819444444444445 0.5671875 0.5972222222222222 0.55859375 0.6027777777777777 0.54296875 0.5986111111111111 0.53515625 0.5875 0.5296875 0.5694444444444444 0.53046875 0.55 0.53515625 0.5347222222222222 0.54375 0.5236111111111111 0.55625 0.5208333333333334
1 0.5625 0.4263888888888889 0.56796875 0.43333333333333335 0.57421875 0.4486111111111111 0.57421875 0.4777777777777778 0.56640625 0.49583333333333335 0.553125 0.5055555555555555 0.5421875 0.5013888888888889 0.53203125 0.4875 0.528125 0.4736111111111111 0.528125 0.45416666666666666 0.53203125 0.4375 0.5421875 0.425 0.5546875 0.4222222222222222 0.56171875 0.4263888888888889
1 0.6203125 0.5180555555555556 0.6296875 0.5263888888888889 0.634375 0.5361111111111111 0.63671875 0.5458333333333333 0.63671875 0.5680555555555555 0.63359375 0.5805555555555556 0.6265625 0.5916666666666667 0.6125 0.5986111111111111 0.603125 0.5930555555555556 0.59453125 0.5805555555555556 0.59140625 0.5694444444444444 0.59140625 0.5458333333333333 0.5953125 0.5333333333333333 0.60390625 0.5208333333333334 0.61171875 0.5166666666666667 0.61953125 0.5180555555555556
1 0.43671875 0.6277777777777778 0.4484375 0.6361111111111111 0.4546875 0.6472222222222223 0.4578125 0.6611111111111111 0.45703125 0.6791666666666667 0.45390625 0.6916666666666667 0.44765625 0.7013888888888888 0.4390625 0.7069444444444445 0.43125 0.7069444444444445 0.4203125 0.6972222222222222 0.4140625 0.6847222222222222 0.41171875 0.6722222222222223 0.41171875 0.6555555555555556 0.41796875 0.6375 0.4265625 0.6291666666666667 0.4359375 0.6277777777777778
1 0.49765625 0.42916666666666664 0.50546875 0.4361111111111111 0.5109375 0.44722222222222224 0.51328125 0.4583333333333333 0.51328125 0.4777777777777778 0.5078125 0.49722222222222223 0.5015625 0.5055555555555555 0.49453125 0.5097222222222222 0.484375 0.5083333333333333 0.4734375 0.49722222222222223 0.46796875 0.4847222222222222 0.46640625 0.4597222222222222 0.4703125 0.44305555555555554 0.4765625 0.43333333333333335 0.484375 0.42777777777777776 0.496875 0.42916666666666664
1 0.559375 0.6194444444444445 0.5671875 0.625 0.575 0.6375 0.578125 0.6472222222222223 0.57890625 0.6597222222222222 0.57734375 0.6722222222222223 0.571875 0.6875 0.56484375 0.6958333333333333 0.5578125 0.6986111111111111 0.55 0.6972222222222222 0.53984375 0.6888888888888889 0.5328125 0.6694444444444444 0.53203125 0.6527777777777778 0.53515625 0.6375 0.54140625 0.6263888888888889 0.54765625 0.6208333333333333 0.55859375 0.6194444444444445
1 0.6859375 0.7097222222222223 0.69609375 0.7236111111111111 0.69921875 0.7375 0.69921875 0.75 0.696875 0.7625 0.6890625 0.7777777777777778 0.678125 0.7847222222222222 0.66640625 0.7805555555555556 0.6578125 0.7680555555555556 0.6546875 0.7541666666666667 0.6546875 0.7402777777777778 0.65703125 0.7291666666666666 0.665625 0.7138888888888889 0.67421875 0.7083333333333334 0.68515625 0.7097222222222223
1 0.49609375 0.5263888888888889 0.50859375 0.5361111111111111 0.515625 0.5569444444444445 0.51484375 0.5777777777777777 0.51171875 0.5902777777777778 0.50390625 0.6027777777777777 0.49609375 0.6069444444444444 0.4859375 0.6055555555555555 0.4796875 0.6 0.471875 0.5875 0.46875 0.5722222222222222 0.46953125 0.5527777777777778 0.47421875 0.5388888888888889 0.484375 0.5277777777777778 0.4953125 0.5263888888888889
1 0.4390625 0.7236111111111111 0.45 0.7305555555555555 0.45703125 0.7430555555555556 0.46015625 0.7555555555555555 0.46015625 0.7680555555555556 0.45703125 0.7833333333333333 0.45078125 0.7944444444444444 0.44375 0.8 0.434375 0.8 0.42734375 0.7958333333333333 0.41953125 0.7847222222222222 0.41484375 0.7694444444444445 0.41484375 0.7527777777777778 0.41796875 0.7402777777777778 0.428125 0.7263888888888889 0.43828125 0.7236111111111111