0 0.5921875 0.42777777777777776 0.59921875 0.43333333333333335 0.60546875 0.44305555555555554 0.609375 0.4583333333333333 0.609375 0.4791666666666667 0.60625 0.49583333333333335 0.5984375 0.5097222222222222 0.59140625 0.5152777777777777 0.57890625 0.5152777777777777 0.56953125 0.5083333333333333 0.56328125 0.49583333333333335 0.559375 0.4777777777777778 0.56015625 0.4583333333333333 0.5703125 0.43333333333333335 0.57734375 0.42777777777777776 0.59140625 0.42777777777777776
0 0.66484375 0.75 0.67109375 0.7555555555555555 0.678125 0.7680555555555556 0.68046875 0.7791666666666667 0.68046875 0.7958333333333333 0.675 0.8194444444444444 0.66875 0.8291666666666667 0.6578125 0.8361111111111111 0.64921875 0.8347222222222223 0.64140625 0.8277777777777777 0.6359375 0.8180555555555555 0.63203125 0.8069444444444445 0.63203125 0.7847222222222222 0.63515625 0.7708333333333334 0.64375 0.7555555555555555 0.653125 0.7486111111111111 0.6640625 0.75
0 0.4640625 0.8736111111111111 0.471875 0.8791666666666667 0.48046875 0.8930555555555556 0.48359375 0.9069444444444444 0.48359375 0.925 0.47734375 0.9458333333333333 0.46328125 0.9597222222222223 0.45234375 0.9597222222222223 0.4421875 0.9513888888888888 0.4359375 0.9388888888888889 0.4328125 0.9222222222222223 0.434375 0.9 0.4421875 0.8833333333333333 0.45 0.875 0.46328125 0.8736111111111111
0 0.60390625 0.8666666666666667 0.609375 0.8722222222222222 0.6140625 0.8833333333333333 0.61640625 0.8944444444444445 0.61640625 0.9111111111111111 0.6109375 0.9319444444444445 0.60625 0.9402777777777778 0.5984375 0.9472222222222222 0.58515625 0.9472222222222222 0.57578125 0.9388888888888889 0.56796875 0.9208333333333333 0.5671875 0.9 0.57265625 0.8777777777777778 0.5828125 0.8652777777777778 0.59765625 0.8625 0.603125 0.8666666666666667
0 0.73125 0.8513888888888889 0.73828125 0.8569444444444444 0.74453125 0.8680555555555556 0.74765625 0.8819444444444444 0.74765625 0.8986111111111111 0.74609375 0.9097222222222222 0.74140625 0.9222222222222223 0.7296875 0.9361111111111111 0.71796875 0.9361111111111111 0.70625 0.925 0.70078125 0.9111111111111111 0.69921875 0.8930555555555556 0.703125 0.8722222222222222 0.70859375 0.8611111111111112 0.7203125 0.8513888888888889 0.73046875 0.8513888888888889
0 0.5984375 0.6486111111111111 0.60546875 0.6555555555555556 0.6109375 0.6680555555555555 0.61328125 0.6902777777777778 0.60859375 0.7152777777777778 0.59921875 0.7291666666666666 0.59296875 0.7333333333333333 0.58125 0.7333333333333333 0.57109375 0.7236111111111111 0.5640625 0.7027777777777777 0.56328125 0.6847222222222222 0.56796875 0.6638888888888889 0.57421875 0.6527777777777778 0.584375 0.6458333333333334 0.59453125 0.6458333333333334 0.59765625 0.6486111111111111
1 0.58828125 0.31666666666666665 0.5984375 0.325 0.60546875 0.3388888888888889 0.6078125 0.35138888888888886 0.6078125 0.37083333333333335 0.60546875 0.38333333333333336 0.59921875 0.3972222222222222 0.58515625 0.4083333333333333 0.57421875 0.40555555555555556 0.5671875 0.39861111111111114 0.559375 0.38055555555555554 0.55703125 0.35833333333333334 0.56015625 0.3388888888888889 0.56640625 0.3263888888888889 0.57734375 0.31666666666666665 0.5875 0.31666666666666665
1 0.596875 0.7555555555555555 0.603125 0.7597222222222222 0.6109375 0.7722222222222223 0.6140625 0.7833333333333333 0.61484375 0.8 0.61328125 0.8138888888888889 0.609375 0.825 0.60234375 0.8361111111111111 0.59375 0.8416666666666667 0.58203125 0.8402777777777778 0.57109375 0.8277777777777777 0.565625 0.8111111111111111 0.56484375 0.7930555555555555 0.5671875 0.7791666666666667 0.57421875 0.7638888888888888 0.584375 0.7555555555555555 0.59609375 0.7555555555555555
1 0.6578125 0.6402777777777777 0.66875 0.6472222222222223 0.675 0.6569444444444444 0.67890625 0.6736111111111112 0.67890625 0.6930555555555555 0.67578125 0.7083333333333334 0.6703125 0.7194444444444444 0.65625 0.7305555555555555 0.6484375 0.7291666666666666 0.6390625 0.7208333333333333 0.63125 0.7027777777777777 0.6296875 0.6833333333333333 0.634375 0.6597222222222222 0.640625 0.6486111111111111 0.64921875 0.6416666666666667 0.65703125 0.6402777777777777
1 0.39453125 0.8777777777777778 0.4078125 0.8888888888888888 0.41328125 0.9 0.415625 0.9111111111111111 0.415625 0.9291666666666667 0.4125 0.9444444444444444 0.40625 0.9569444444444445 0.39609375 0.9652777777777778 0.38671875 0.9652777777777778 0.3765625 0.9583333333333334 0.36796875 0.9430555555555555 0.36484375 0.9263888888888889 0.36796875 0.9 0.37578125 0.8847222222222222 0.3828125 0.8791666666666667 0.39375 0.8777777777777778
1 0.66484375 0.8583333333333333 0.6734375 0.8652777777777778 0.6796875 0.8777777777777778 0.68203125 0.8888888888888888 0.68203125 0.9069444444444444 0.67734375 0.925 0.6703125 0.9361111111111111 0.66171875 0.9430555555555555 0.6515625 0.9430555555555555 0.64140625 0.9333333333333333 0.63671875 0.925 0.6328125 0.9027777777777778 0.63515625 0.8833333333333333 0.64140625 0.8680555555555556 0.6546875 0.8569444444444444 0.6640625 0.8583333333333333
1 0.59609375 0.5402777777777777 0.60234375 0.5458333333333333 0.60859375 0.5583333333333333 0.6109375 0.5708333333333333 0.6109375 0.5888888888888889 0.6078125 0.6041666666666666 0.60234375 0.6152777777777778 0.59375 0.6236111111111111 0.58671875 0.6263888888888889 0.575 0.6222222222222222 0.56640625 0.6097222222222223 0.56171875 0.5916666666666667 0.56171875 0.5694444444444444 0.565625 0.5555555555555556 0.57734375 0.5388888888888889 0.58828125 0.5361111111111111 0.5953125 0.5402777777777777