0 0.57578125 0.7194444444444444 0.58125 0.7236111111111111 0.58828125 0.7375 0.590625 0.7611111111111111 0.58828125 0.775 0.58125 0.7875 0.5734375 0.7944444444444444 0.565625 0.7944444444444444 0.55625 0.7875 0.54921875 0.7722222222222223 0.54765625 0.75 0.54921875 0.7402777777777778 0.55703125 0.7236111111111111 0.5671875 0.7180555555555556 0.575 0.7194444444444444
0 0.46015625 0.8125 0.4671875 0.8180555555555555 0.47109375 0.825 0.47578125 0.8486111111111111 0.47421875 0.8625 0.4703125 0.875 0.45859375 0.8888888888888888 0.446875 0.8875 0.43671875 0.875 0.4328125 0.8597222222222223 0.4328125 0.8416666666666667 0.4375 0.8263888888888888 0.44453125 0.8152777777777778 0.453125 0.8111111111111111 0.459375 0.8125
0 0.51640625 0.8125 0.521875 0.8152777777777778 0.5296875 0.8277777777777777 0.5328125 0.8416666666666667 0.5328125 0.8569444444444444 0.52734375 0.8763888888888889 0.51953125 0.8875 0.5140625 0.8902777777777777 0.50078125 0.8861111111111111 0.49375 0.875 0.490625 0.8638888888888889 0.48984375 0.8458333333333333 0.49375 0.8277777777777777 0.4984375 0.8194444444444444 0.50703125 0.8125 0.515625 0.8125
0 0.575 0.8125 0.58359375 0.8208333333333333 0.58828125 0.8305555555555556 0.590625 0.8388888888888889 0.59140625 0.8541666666666666 0.590625 0.8625 0.5859375 0.875 0.58125 0.8833333333333333 0.5734375 0.8902777777777777 0.5640625 0.8902777777777777 0.55390625 0.8805555555555555 0.55 0.8722222222222222 0.54765625 0.8472222222222222 0.55078125 0.8305555555555556 0.5578125 0.8166666666666667 0.5640625 0.8125 0.57421875 0.8125
0 0.35 0.7194444444444444 0.35625 0.7277777777777777 0.36015625 0.7388888888888889 0.3609375 0.7597222222222222 0.35703125 0.7763888888888889 0.3515625 0.7861111111111111 0.34453125 0.7916666666666666 0.3359375 0.7916666666666666 0.32734375 0.7833333333333333 0.321875 0.7694444444444445 0.3203125 0.7527777777777778 0.32421875 0.7333333333333333 0.3296875 0.7236111111111111 0.33671875 0.7180555555555556 0.34921875 0.7194444444444444
0 0.40703125 0.5347222222222222 0.41171875 0.5388888888888889 0.4171875 0.55 0.41953125 0.5611111111111111 0.41953125 0.575 0.41640625 0.5888888888888889 0.41171875 0.5986111111111111 0.40078125 0.6069444444444444 0.39296875 0.6055555555555555 0.3828125 0.5930555555555556 0.37890625 0.5777777777777777 0.37890625 0.5638888888888889 0.38203125 0.55 0.38984375 0.5375 0.396875 0.5333333333333333 0.40625 0.5347222222222222
0 0.346875 0.8125 0.35390625 0.8194444444444444 0.35703125 0.8263888888888888 0.36015625 0.8388888888888889 0.36015625 0.8527777777777777 0.35625 0.8708333333333333 0.35078125 0.8805555555555555 0.34453125 0.8861111111111111 0.33203125 0.8847222222222222 0.3234375 0.8722222222222222 0.31953125 0.8597222222222223 0.31953125 0.8388888888888889 0.3296875 0.8166666666666667 0.33828125 0.8111111111111111 0.34609375 0.8125
0 0.51875 0.6263888888888889 0.52578125 0.6333333333333333 0.5296875 0.6416666666666667 0.5328125 0.6541666666666667 0.5328125 0.6666666666666666 0.52734375 0.6875 0.5234375 0.6944444444444444 0.515625 0.7 0.5078125 0.7 0.49765625 0.6916666666666667 0.49140625 0.675 0.490625 0.6569444444444444 0.49375 0.6430555555555556 0.5 0.6305555555555555 0.50703125 0.625 0.51796875 0.6263888888888889
0 0.46171875 0.7194444444444444 0.47109375 0.7305555555555555 0.47578125 0.7541666666666667 0.47421875 0.7680555555555556 0.4703125 0.7805555555555556 0.46015625 0.7930555555555555 0.45 0.7930555555555555 0.4421875 0.7875 0.43515625 0.7736111111111111 0.43359375 0.7472222222222222 0.43828125 0.7319444444444444 0.44453125 0.7222222222222222 0.4515625 0.7180555555555556 0.4609375 0.7194444444444444
0 0.403125 0.625 0.41015625 0.6305555555555555 0.4171875 0.6430555555555556 0.41875 0.6708333333333333 0.41171875 0.6902777777777778 0.40234375 0.6986111111111111 0.3890625 0.6958333333333333 0.3828125 0.6875 0.378125 0.6722222222222223 0.378125 0.6555555555555556 0.3828125 0.6375 0.38984375 0.6277777777777778 0.40234375 0.625
1 0.4015625 0.8125 0.4109375 0.8208333333333333 0.41484375 0.8291666666666667 0.4171875 0.8402777777777778 0.4171875 0.8569444444444444 0.41171875 0.8763888888888889 0.40078125 0.8875 0.38671875 0.8847222222222222 0.37890625 0.8722222222222222 0.375 0.8541666666666666 0.3765625 0.8347222222222223 0.38203125 0.8222222222222222 0.3921875 0.8125 0.40078125 0.8125
1 0.5734375 0.6263888888888889 0.58125 0.6333333333333333 0.5875 0.6458333333333334 0.5890625 0.6708333333333333 0.5875 0.6805555555555556 0.58125 0.6930555555555555 0.57421875 0.7 0.56796875 0.7013888888888888 0.5578125 0.6958333333333333 0.5515625 0.6861111111111111 0.5484375 0.675 0.54765625 0.6583333333333333 0.55 0.6444444444444445 0.55625 0.6319444444444444 0.5625 0.6263888888888889 0.57265625 0.6263888888888889
1 0.51953125 0.7208333333333333 0.52890625 0.7333333333333333 0.53203125 0.7444444444444445 0.53203125 0.7652777777777777 0.52265625 0.7888888888888889 0.5140625 0.7944444444444444 0.50625 0.7930555555555555 0.49765625 0.7861111111111111 0.4921875 0.7708333333333334 0.490625 0.7513888888888889 0.49375 0.7361111111111112 0.5015625 0.7222222222222222 0.50625 0.7194444444444444 0.51875 0.7208333333333333
1 0.46171875 0.5347222222222222 0.4671875 0.5388888888888889 0.4734375 0.55 0.47578125 0.5625 0.47578125 0.575 0.47109375 0.5930555555555556 0.46640625 0.6013888888888889 0.459375 0.6069444444444444 0.45234375 0.6069444444444444 0.4453125 0.6027777777777777 0.4375 0.5902777777777778 0.43515625 0.5819444444444445 0.43515625 0.5597222222222222 0.43828125 0.5486111111111112 0.4453125 0.5375 0.4546875 0.5333333333333333 0.4609375 0.5347222222222222
1 0.40390625 0.7194444444444444 0.4109375 0.7263888888888889 0.415625 0.7361111111111112 0.41796875 0.7597222222222222 0.41171875 0.7819444444444444 0.39921875 0.7930555555555555 0.3890625 0.7902777777777777 0.3796875 0.7763888888888889 0.37734375 0.7666666666666667 0.3765625 0.7486111111111111 0.3796875 0.7347222222222223 0.38671875 0.7222222222222222 0.39375 0.7180555555555556 0.403125 0.7194444444444444
1 0.4609375 0.6263888888888889 0.46640625 0.6305555555555555 0.47265625 0.6416666666666667 0.47578125 0.6625 0.475 0.6722222222222223 0.4703125 0.6875 0.4671875 0.6930555555555555 0.45703125 0.7 0.446875 0.6972222222222222 0.4375 0.6847222222222222 0.434375 0.6722222222222223 0.434375 0.6541666666666667 0.4375 0.6416666666666667 0.4453125 0.6291666666666667 0.45078125 0.625 0.46015625 0.6263888888888889
1 0.51328125 0.5333333333333333 0.525 0.5416666666666666 0.5296875 0.55 0.53203125 0.5611111111111111 0.53203125 0.5777777777777777 0.52890625 0.5902777777777778 0.5234375 0.6013888888888889 0.515625 0.6069444444444444 0.5078125 0.6069444444444444 0.4984375 0.5986111111111111 0.49296875 0.5875 0.49140625 0.5777777777777777 0.4921875 0.5583333333333333 0.49609375 0.5458333333333333 0.50390625 0.5361111111111111 0.5125 0.5333333333333333
1 0.6328125 0.8138888888888889 0.64453125 0.8277777777777777 0.64765625 0.8388888888888889 0.6484375 0.8555555555555555 0.64375 0.8763888888888889 0.63203125 0.8902777777777777 0.621875 0.8902777777777777 0.61640625 0.8861111111111111 0.60859375 0.8736111111111111 0.60546875 0.8597222222222223 0.60703125 0.8361111111111111 0.61328125 0.8208333333333333 0.62109375 0.8138888888888889 0.63203125 0.8138888888888889
1 0.57421875 0.5347222222222222 0.58046875 0.5402777777777777 0.58671875 0.5527777777777778 0.58828125 0.5597222222222222 0.58828125 0.5805555555555556 0.58203125 0.5986111111111111 0.5734375 0.6069444444444444 0.56328125 0.6069444444444444 0.55703125 0.6013888888888889 0.55 0.5888888888888889 0.54765625 0.5708333333333333 0.55 0.5527777777777778 0.55703125 0.5388888888888889 0.5671875 0.5333333333333333 0.5734375 0.5347222222222222