0 0.53515625 0.4027777777777778 0.5421875 0.4083333333333333 0.54765625 0.41805555555555557 0.55078125 0.4305555555555556 0.55078125 0.4486111111111111 0.546875 0.46111111111111114 0.53984375 0.4708333333333333 0.53359375 0.475 0.52265625 0.4736111111111111 0.51484375 0.4652777777777778 0.509375 0.44583333333333336 0.509375 0.43333333333333335 0.51171875 0.42083333333333334 0.51796875 0.4097222222222222 0.52578125 0.4027777777777778 0.534375 0.4027777777777778
0 0.5328125 0.5777777777777777 0.540625 0.5833333333333334 0.546875 0.5930555555555556 0.55 0.6041666666666666 0.55078125 0.6166666666666667 0.55 0.6263888888888889 0.54140625 0.6444444444444445 0.53046875 0.6513888888888889 0.5203125 0.6472222222222223 0.51171875 0.6347222222222222 0.509375 0.6263888888888889 0.509375 0.6069444444444444 0.51171875 0.5958333333333333 0.51640625 0.5861111111111111 0.521875 0.5805555555555556 0.53203125 0.5777777777777777
0 0.48203125 0.49166666666666664 0.49296875 0.5055555555555555 0.49609375 0.5152777777777777 0.496875 0.5305555555555556 0.4921875 0.55 0.484375 0.5597222222222222 0.47890625 0.5625 0.46875 0.5611111111111111 0.4578125 0.5458333333333333 0.45546875 0.5361111111111111 0.45546875 0.5152777777777777 0.459375 0.5027777777777778 0.46328125 0.49722222222222223 0.471875 0.49027777777777776 0.48125 0.49166666666666664
0 0.3734375 0.6638888888888889 0.38125 0.6708333333333333 0.38671875 0.6833333333333333 0.38828125 0.7069444444444445 0.38515625 0.7208333333333333 0.37265625 0.7361111111111112 0.36328125 0.7361111111111112 0.35859375 0.7319444444444444 0.3515625 0.7208333333333333 0.34765625 0.7027777777777777 0.34921875 0.6847222222222222 0.35546875 0.6708333333333333 0.3625 0.6638888888888889 0.37265625 0.6638888888888889
0 0.58828125 0.6666666666666666 0.5953125 0.6722222222222223 0.60234375 0.6847222222222222 0.6046875 0.7041666666666667 0.60234375 0.7208333333333333 0.59453125 0.7347222222222223 0.5890625 0.7388888888888889 0.57421875 0.7361111111111112 0.565625 0.7236111111111111 0.56328125 0.7138888888888889 0.56328125 0.6958333333333333 0.565625 0.6847222222222222 0.57734375 0.6680555555555555 0.5875 0.6666666666666666
0 0.43046875 0.6680555555555555 0.4359375 0.6736111111111112 0.440625 0.6847222222222222 0.4421875 0.6944444444444444 0.44140625 0.7125 0.43515625 0.7277777777777777 0.42890625 0.7347222222222223 0.421875 0.7375 0.4125 0.7333333333333333 0.40390625 0.7194444444444444 0.40078125 0.6972222222222222 0.40390625 0.6805555555555556 0.4109375 0.6694444444444444 0.4203125 0.6638888888888889 0.4296875 0.6680555555555555
0 0.64296875 0.6680555555555555 0.653125 0.6777777777777778 0.65859375 0.6930555555555555 0.65859375 0.7125 0.65625 0.7222222222222222 0.65078125 0.7333333333333333 0.64375 0.7388888888888889 0.63359375 0.7388888888888889 0.62578125 0.7333333333333333 0.61953125 0.7236111111111111 0.6171875 0.7083333333333334 0.61796875 0.6916666666666667 0.6234375 0.6777777777777778 0.63359375 0.6680555555555555 0.6421875 0.6680555555555555
0 0.48046875 0.6652777777777777 0.48828125 0.6722222222222223 0.49375 0.6833333333333333 0.49609375 0.6944444444444444 0.49609375 0.7083333333333334 0.49140625 0.725 0.47890625 0.7375 0.46953125 0.7361111111111112 0.459375 0.725 0.45546875 0.7125 0.4546875 0.6972222222222222 0.45703125 0.6833333333333333 0.4640625 0.6708333333333333 0.47265625 0.6652777777777777 0.4796875 0.6652777777777777
1 0.53359375 0.31527777777777777 0.540625 0.3194444444444444 0.546875 0.3277777777777778 0.55 0.3347222222222222 0.5515625 0.3472222222222222 0.55078125 0.3597222222222222 0.54765625 0.37083333333333335 0.53359375 0.3875 0.52265625 0.3861111111111111 0.5140625 0.3763888888888889 0.509375 0.3541666666666667 0.51015625 0.3388888888888889 0.51796875 0.32222222222222224 0.52421875 0.31666666666666665 0.5328125 0.31527777777777777
1 0.53515625 0.6666666666666666 0.54296875 0.675 0.54765625 0.6847222222222222 0.55 0.6944444444444444 0.55 0.7097222222222223 0.54296875 0.7277777777777777 0.53046875 0.7388888888888889 0.51875 0.7347222222222223 0.5109375 0.7222222222222222 0.50859375 0.7125 0.50859375 0.6958333333333333 0.5109375 0.6847222222222222 0.51796875 0.6722222222222223 0.52578125 0.6666666666666666 0.534375 0.6666666666666666
1 0.58828125 0.5791666666666667 0.59765625 0.5875 0.60234375 0.5986111111111111 0.60390625 0.625 0.5984375 0.6402777777777777 0.5859375 0.6527777777777778 0.5765625 0.6513888888888889 0.56640625 0.6375 0.56328125 0.625 0.56328125 0.6097222222222223 0.5671875 0.5930555555555556 0.57109375 0.5861111111111111 0.57734375 0.5805555555555556 0.5875 0.5791666666666667
1 0.5921875 0.4930555555555556 0.60234375 0.5083333333333333 0.6046875 0.5305555555555556 0.6015625 0.5458333333333333 0.5953125 0.5569444444444445 0.58671875 0.5638888888888889 0.578125 0.5638888888888889 0.5671875 0.5513888888888889 0.56328125 0.5361111111111111 0.56328125 0.5208333333333334 0.56640625 0.5069444444444444 0.57265625 0.49722222222222223 0.58046875 0.49166666666666664 0.59140625 0.4930555555555556
1 0.47890625 0.5777777777777777 0.48515625 0.5819444444444445 0.4921875 0.5916666666666667 0.49609375 0.6083333333333333 0.49609375 0.6208333333333333 0.49140625 0.6375 0.47734375 0.6513888888888889 0.4703125 0.6513888888888889 0.459375 0.6375 0.45546875 0.625 0.45546875 0.6013888888888889 0.46328125 0.5847222222222223 0.46953125 0.5791666666666667 0.478125 0.5777777777777777
1 0.48671875 0.40694444444444444 0.49453125 0.42083333333333334 0.496875 0.43472222222222223 0.49609375 0.4486111111111111 0.490625 0.4638888888888889 0.478125 0.475 0.4671875 0.4722222222222222 0.45859375 0.4597222222222222 0.45546875 0.44722222222222224 0.45546875 0.42916666666666664 0.45859375 0.41805555555555557 0.46640625 0.40694444444444444 0.4734375 0.4027777777777778 0.48046875 0.4027777777777778 0.4859375 0.40694444444444444
1 0.5359375 0.49166666666666664 0.546875 0.5055555555555555 0.55 0.5166666666666667 0.55078125 0.5291666666666667 0.54765625 0.5458333333333333 0.53984375 0.5583333333333333 0.53125 0.5638888888888889 0.52109375 0.5611111111111111 0.5140625 0.5513888888888889 0.509375 0.5375 0.509375 0.5194444444444445 0.5109375 0.5097222222222222 0.51796875 0.49722222222222223 0.52890625 0.49027777777777776 0.53515625 0.49166666666666664