0 0.465625 0.6527777777777778 0.4734375 0.6583333333333333 0.48125 0.6708333333333333 0.48515625 0.6875 0.48515625 0.7013888888888888 0.48359375 0.7152777777777778 0.48046875 0.7236111111111111 0.475 0.7333333333333333 0.4640625 0.7416666666666667 0.45625 0.7416666666666667 0.44921875 0.7375 0.44140625 0.7277777777777777 0.43515625 0.7097222222222223 0.43515625 0.6888888888888889 0.43828125 0.675 0.44609375 0.6597222222222222 0.45625 0.6527777777777778 0.46484375 0.6527777777777778
0 0.60234375 0.8569444444444444 0.609375 0.8611111111111112 0.6171875 0.8736111111111111 0.62109375 0.8888888888888888 0.62109375 0.9069444444444444 0.61640625 0.925 0.6109375 0.9347222222222222 0.6015625 0.9430555555555555 0.59140625 0.9430555555555555 0.58359375 0.9388888888888889 0.57421875 0.9208333333333333 0.571875 0.9055555555555556 0.57265625 0.8861111111111111 0.58046875 0.8680555555555556 0.58984375 0.8583333333333333 0.6015625 0.8569444444444444
0 0.540625 0.7597222222222222 0.55078125 0.775 0.55390625 0.7888888888888889 0.55390625 0.8027777777777778 0.5484375 0.8277777777777777 0.5328125 0.8430555555555556 0.521875 0.8416666666666667 0.5109375 0.8319444444444445 0.5046875 0.8152777777777778 0.50390625 0.7902777777777777 0.51015625 0.7708333333333334 0.51796875 0.7597222222222222 0.52578125 0.7555555555555555 0.5328125 0.7555555555555555 0.53984375 0.7597222222222222
0 0.540625 0.8652777777777778 0.546875 0.8708333333333333 0.55234375 0.8805555555555555 0.55546875 0.8944444444444445 0.55546875 0.9111111111111111 0.54921875 0.9347222222222222 0.54140625 0.9458333333333333 0.534375 0.95 0.52109375 0.9472222222222222 0.5109375 0.9347222222222222 0.50703125 0.9222222222222223 0.50625 0.8986111111111111 0.51015625 0.8819444444444444 0.5171875 0.8694444444444445 0.528125 0.8625 0.53984375 0.8652777777777778
0 0.67109375 0.8527777777777777 0.67890625 0.8611111111111112 0.68359375 0.8708333333333333 0.6859375 0.8958333333333334 0.68359375 0.9097222222222222 0.67890625 0.9222222222222223 0.66484375 0.9361111111111111 0.65390625 0.9361111111111111 0.64921875 0.9319444444444445 0.640625 0.9166666666666666 0.63828125 0.9055555555555556 0.63828125 0.8861111111111111 0.64140625 0.8708333333333333 0.65 0.8569444444444444 0.6578125 0.8513888888888889 0.6703125 0.8527777777777777
0 0.52890625 0.32222222222222224 0.53671875 0.32916666666666666 0.54296875 0.3416666666666667 0.54609375 0.3541666666666667 0.54609375 0.3763888888888889 0.54140625 0.39305555555555555 0.5359375 0.4027777777777778 0.52578125 0.4111111111111111 0.5125 0.4083333333333333 0.50078125 0.39305555555555555 0.496875 0.3763888888888889 0.496875 0.35694444444444445 0.50078125 0.3388888888888889 0.51015625 0.325 0.515625 0.32083333333333336 0.528125 0.32222222222222224
0 0.59765625 0.6430555555555556 0.60546875 0.6472222222222223 0.6140625 0.6611111111111111 0.61796875 0.6805555555555556 0.6171875 0.6986111111111111 0.61328125 0.7125 0.60625 0.7236111111111111 0.59765625 0.7305555555555555 0.58828125 0.7305555555555555 0.57890625 0.7236111111111111 0.57109375 0.7083333333333334 0.56875 0.6930555555555555 0.56953125 0.6722222222222223 0.57421875 0.6583333333333333 0.58515625 0.6458333333333334 0.596875 0.6430555555555556
0 0.6625 0.31666666666666665 0.67421875 0.33194444444444443 0.678125 0.3486111111111111 0.678125 0.3611111111111111 0.675 0.38333333333333336 0.665625 0.39861111111111114 0.65703125 0.4041666666666667 0.64453125 0.4 0.6359375 0.3888888888888889 0.63046875 0.37222222222222223 0.6296875 0.35 0.6328125 0.3347222222222222 0.640625 0.32083333333333336 0.64765625 0.31527777777777777 0.66171875 0.31666666666666665
0 0.4703125 0.7625 0.48359375 0.7791666666666667 0.4875 0.7944444444444444 0.4875 0.8125 0.48359375 0.8277777777777777 0.47734375 0.8402777777777778 0.46328125 0.8486111111111111 0.45234375 0.8458333333333333 0.4421875 0.8333333333333334 0.4375 0.8152777777777778 0.4375 0.7944444444444444 0.440625 0.7819444444444444 0.4484375 0.7680555555555556 0.45859375 0.7611111111111111 0.46953125 0.7625
0 0.796875 0.8388888888888889 0.80859375 0.8513888888888889 0.81328125 0.8680555555555556 0.81328125 0.8819444444444444 0.81171875 0.8944444444444445 0.8078125 0.9055555555555556 0.8 0.9180555555555555 0.790625 0.9236111111111112 0.7796875 0.9208333333333333 0.771875 0.9111111111111111 0.7671875 0.8972222222222223 0.76640625 0.8763888888888889 0.76875 0.8625 0.7765625 0.8472222222222222 0.7859375 0.8388888888888889 0.79609375 0.8388888888888889
0 0.59609375 0.5347222222222222 0.60625 0.5416666666666666 0.6125 0.5527777777777778 0.615625 0.5638888888888889 0.61640625 0.5805555555555556 0.6140625 0.5972222222222222 0.609375 0.6111111111111112 0.5953125 0.6236111111111111 0.5859375 0.6236111111111111 0.57578125 0.6138888888888889 0.5703125 0.6041666666666666 0.5671875 0.5888888888888889 0.5671875 0.5694444444444444 0.571875 0.5513888888888889 0.58046875 0.5388888888888889 0.5953125 0.5347222222222222
0 0.6640625 0.7444444444444445 0.67578125 0.7527777777777778 0.68203125 0.7666666666666667 0.68359375 0.7972222222222223 0.6796875 0.8111111111111111 0.6734375 0.8222222222222222 0.6625 0.8305555555555556 0.65390625 0.8305555555555556 0.64375 0.8208333333333333 0.63671875 0.8041666666666667 0.6359375 0.7861111111111111 0.63984375 0.7638888888888888 0.64609375 0.7527777777777778 0.653125 0.7458333333333333 0.66328125 0.7444444444444445
1 0.47265625 0.8708333333333333 0.48046875 0.8777777777777778 0.48515625 0.8861111111111111 0.4890625 0.9 0.48984375 0.9138888888888889 0.48515625 0.9361111111111111 0.47421875 0.9527777777777777 0.465625 0.9569444444444445 0.45625 0.9541666666666667 0.446875 0.9444444444444444 0.440625 0.9319444444444445 0.4390625 0.9111111111111111 0.440625 0.8972222222222223 0.44765625 0.8791666666666667 0.459375 0.8694444444444445 0.471875 0.8708333333333333
1 0.66484375 0.4263888888888889 0.67578125 0.44166666666666665 0.67890625 0.45555555555555555 0.67890625 0.475 0.675 0.49444444444444446 0.665625 0.5083333333333333 0.6578125 0.5125 0.646875 0.5097222222222222 0.6359375 0.49583333333333335 0.63125 0.4777777777777778 0.63125 0.45694444444444443 0.63515625 0.44166666666666665 0.6421875 0.42916666666666664 0.64921875 0.4236111111111111 0.6609375 0.4236111111111111 0.6640625 0.4263888888888889
1 0.59140625 0.31805555555555554 0.6015625 0.325 0.6078125 0.3347222222222222 0.6125 0.3527777777777778 0.6125 0.37222222222222223 0.60546875 0.3958333333333333 0.58984375 0.4083333333333333 0.58046875 0.40555555555555556 0.571875 0.3972222222222222 0.5640625 0.37916666666666665 0.5625 0.3597222222222222 0.56640625 0.3388888888888889 0.57265625 0.3263888888888889 0.58046875 0.3194444444444444 0.590625 0.31805555555555554
1 0.5296875 0.5402777777777777 0.53671875 0.5444444444444444 0.5453125 0.5569444444444445 0.55 0.5736111111111111 0.55 0.5944444444444444 0.54765625 0.6055555555555555 0.540625 0.6194444444444445 0.5359375 0.625 0.5265625 0.6291666666666667 0.51640625 0.6263888888888889 0.5046875 0.6111111111111112 0.50078125 0.5986111111111111 0.5 0.5805555555555556 0.50078125 0.5694444444444444 0.50859375 0.55 0.51875 0.5402777777777777 0.52890625 0.5402777777777777
1 0.6640625 0.5319444444444444 0.671875 0.5388888888888889 0.678125 0.5513888888888889 0.68046875 0.5611111111111111 0.68046875 0.5819444444444445 0.6765625 0.6 0.67109375 0.6097222222222223 0.6609375 0.6194444444444445 0.64921875 0.6180555555555556 0.63671875 0.6027777777777777 0.6328125 0.5875 0.6328125 0.5666666666666667 0.63671875 0.55 0.64375 0.5375 0.65390625 0.5305555555555556 0.66328125 0.5319444444444444
1 0.53125 0.43333333333333335 0.5390625 0.44027777777777777 0.5453125 0.4527777777777778 0.5484375 0.46944444444444444 0.5484375 0.48333333333333334 0.54609375 0.49583333333333335 0.53984375 0.5097222222222222 0.52578125 0.5208333333333334 0.51640625 0.5194444444444445 0.5078125 0.5111111111111111 0.50234375 0.5013888888888889 0.4984375 0.4875 0.49765625 0.4708333333333333 0.5015625 0.45 0.5078125 0.4388888888888889 0.51640625 0.43194444444444446 0.53046875 0.43333333333333335
1 0.60234375 0.7513888888888889 0.60859375 0.7569444444444444 0.615625 0.7694444444444445 0.61875 0.7819444444444444 0.61953125 0.8 0.6171875 0.8138888888888889 0.6125 0.825 0.5984375 0.8375 0.5875 0.8361111111111111 0.5796875 0.8291666666666667 0.571875 0.8125 0.5703125 0.7875 0.57421875 0.7694444444444445 0.58203125 0.7569444444444444 0.58984375 0.7513888888888889 0.6015625 0.7513888888888889
1 0.59296875 0.4263888888888889 0.60390625 0.43472222222222223 0.61015625 0.44583333333333336 0.6140625 0.4625 0.6140625 0.48055555555555557 0.609375 0.4986111111111111 0.60390625 0.5083333333333333 0.590625 0.5166666666666667 0.58046875 0.5138888888888888 0.56953125 0.4986111111111111 0.56640625 0.4888888888888889 0.56484375 0.4652777777777778 0.5671875 0.45 0.5734375 0.4361111111111111 0.5828125 0.42777777777777776 0.5921875 0.4263888888888889
1 0.73203125 0.8458333333333333 0.73984375 0.8513888888888889 0.74609375 0.8625 0.7484375 0.8722222222222222 0.74921875 0.8916666666666667 0.7453125 0.9111111111111111 0.7359375 0.925 0.72734375 0.9305555555555556 0.715625 0.9277777777777778 0.70625 0.9152777777777777 0.70234375 0.8972222222222223 0.70234375 0.8833333333333333 0.70625 0.8652777777777778 0.7109375 0.8555555555555555 0.72265625 0.8458333333333333 0.73125 0.8458333333333333
1 0.66640625 0.6402777777777777 0.67109375 0.6430555555555556 0.678125 0.6541666666666667 0.68203125 0.6694444444444444 0.6828125 0.6833333333333333 0.67734375 0.7083333333333334 0.671875 0.7180555555555556 0.65859375 0.7263888888888889 0.65078125 0.725 0.63984375 0.7125 0.634375 0.6930555555555555 0.634375 0.6763888888888889 0.63671875 0.6611111111111111 0.64453125 0.6458333333333334 0.653125 0.6388888888888888 0.665625 0.6402777777777777
1 0.53671875 0.6513888888888889 0.5421875 0.6569444444444444 0.54921875 0.6708333333333333 0.55234375 0.6847222222222222 0.55234375 0.6986111111111111 0.5484375 0.7166666666666667 0.53984375 0.7305555555555555 0.53203125 0.7361111111111112 0.5234375 0.7361111111111112 0.51171875 0.7277777777777777 0.50390625 0.7097222222222223 0.50234375 0.6847222222222222 0.50703125 0.6652777777777777 0.5140625 0.6541666666666667 0.52265625 0.6486111111111111 0.5328125 0.6486111111111111 0.5359375 0.6513888888888889