0 0.5890625 0.42777777777777776 0.59921875 0.4375 0.60546875 0.4527777777777778 0.60703125 0.48194444444444445 0.59921875 0.5069444444444444 0.59375 0.5138888888888888 0.5859375 0.5180555555555556 0.57109375 0.5152777777777777 0.56484375 0.5083333333333333 0.55703125 0.4888888888888889 0.55546875 0.46805555555555556 0.55859375 0.4486111111111111 0.565625 0.43472222222222223 0.57734375 0.4263888888888889 0.58828125 0.42777777777777776
0 0.59296875 0.7611111111111111 0.60546875 0.7722222222222223 0.6125 0.7930555555555555 0.6125 0.8097222222222222 0.60859375 0.8277777777777777 0.6015625 0.8416666666666667 0.59375 0.8486111111111111 0.58046875 0.8486111111111111 0.5703125 0.8402777777777778 0.56328125 0.825 0.56171875 0.8166666666666667 0.5625 0.7902777777777777 0.56640625 0.7791666666666667 0.57734375 0.7638888888888888 0.5921875 0.7611111111111111
0 0.521875 0.6541666666666667 0.53125 0.6611111111111111 0.53671875 0.6694444444444444 0.5421875 0.6888888888888889 0.5421875 0.7041666666666667 0.5375 0.7277777777777777 0.53046875 0.7388888888888889 0.51953125 0.7458333333333333 0.5078125 0.7430555555555556 0.496875 0.7305555555555555 0.49140625 0.7097222222222223 0.49140625 0.6902777777777778 0.49609375 0.6722222222222223 0.50390625 0.6597222222222222 0.5140625 0.6541666666666667 0.52109375 0.6541666666666667
0 0.6609375 0.8652777777777778 0.66875 0.8694444444444445 0.6765625 0.8791666666666667 0.68125 0.8958333333333334 0.68125 0.9180555555555555 0.67890625 0.9305555555555556 0.671875 0.9444444444444444 0.659375 0.9541666666666667 0.6484375 0.9513888888888888 0.63671875 0.9388888888888889 0.63203125 0.9222222222222223 0.63125 0.9041666666666667 0.6359375 0.8847222222222222 0.64140625 0.875 0.6484375 0.8680555555555556 0.66015625 0.8652777777777778
0 0.8 0.8555555555555555 0.8109375 0.8680555555555556 0.8140625 0.8763888888888889 0.815625 0.9055555555555556 0.81171875 0.9222222222222223 0.80703125 0.9305555555555556 0.80078125 0.9388888888888889 0.7921875 0.9430555555555555 0.78125 0.9402777777777778 0.77109375 0.9263888888888889 0.76796875 0.9180555555555555 0.76640625 0.8944444444444445 0.76875 0.8805555555555555 0.7765625 0.8638888888888889 0.7859375 0.8555555555555555 0.79921875 0.8555555555555555
0 0.5234375 0.7652777777777777 0.53203125 0.7708333333333334 0.53828125 0.7791666666666667 0.54296875 0.7930555555555555 0.54453125 0.8083333333333333 0.54375 0.8236111111111111 0.53984375 0.8361111111111111 0.53203125 0.8486111111111111 0.52421875 0.8541666666666666 0.5140625 0.8541666666666666 0.5015625 0.8444444444444444 0.4953125 0.8305555555555556 0.49296875 0.8152777777777778 0.49453125 0.7944444444444444 0.50078125 0.7777777777777778 0.51015625 0.7680555555555556 0.52265625 0.7652777777777777
0 0.65546875 0.4222222222222222 0.66484375 0.42916666666666664 0.67109375 0.44027777777777777 0.675 0.4527777777777778 0.67578125 0.47638888888888886 0.671875 0.4930555555555556 0.6640625 0.5069444444444444 0.6515625 0.5138888888888888 0.640625 0.5111111111111111 0.63203125 0.5013888888888889 0.62578125 0.4847222222222222 0.625 0.45555555555555555 0.6265625 0.44583333333333336 0.63671875 0.42777777777777776 0.64609375 0.4222222222222222 0.6546875 0.4222222222222222
0 0.728125 0.8597222222222223 0.7375 0.8652777777777778 0.74453125 0.875 0.7484375 0.8902777777777777 0.7484375 0.9138888888888889 0.74140625 0.9347222222222222 0.73203125 0.9458333333333333 0.725 0.9486111111111111 0.7140625 0.9458333333333333 0.70546875 0.9361111111111111 0.69921875 0.9180555555555555 0.69921875 0.8958333333333334 0.70234375 0.8819444444444444 0.709375 0.8694444444444445 0.71953125 0.8611111111111112 0.72734375 0.8597222222222223
0 0.5265625 0.8763888888888889 0.5359375 0.8833333333333333 0.54296875 0.8958333333333334 0.54609375 0.9083333333333333 0.54609375 0.9291666666666667 0.5390625 0.9513888888888888 0.5328125 0.9597222222222223 0.5234375 0.9652777777777778 0.51171875 0.9625 0.50078125 0.95 0.49609375 0.9361111111111111 0.4953125 0.9125 0.5 0.8930555555555556 0.50390625 0.8861111111111111 0.5140625 0.8763888888888889 0.52578125 0.8763888888888889
1 0.659375 0.6458333333333334 0.66796875 0.6527777777777778 0.675 0.6638888888888889 0.678125 0.6791666666666667 0.678125 0.7013888888888888 0.675 0.7152777777777778 0.66875 0.7263888888888889 0.6625 0.7333333333333333 0.65546875 0.7361111111111112 0.64296875 0.7333333333333333 0.63203125 0.7180555555555556 0.628125 0.7027777777777777 0.628125 0.6847222222222222 0.6328125 0.6638888888888889 0.63984375 0.6513888888888889 0.6484375 0.6458333333333334 0.65859375 0.6458333333333334
1 0.590625 0.65 0.59921875 0.6569444444444444 0.60625 0.6680555555555555 0.61015625 0.6833333333333333 0.61015625 0.7041666666666667 0.6078125 0.7166666666666667 0.603125 0.7277777777777777 0.5953125 0.7375 0.58984375 0.7402777777777778 0.57734375 0.7388888888888889 0.5671875 0.7291666666666666 0.56015625 0.7097222222222223 0.559375 0.6986111111111111 0.5609375 0.6791666666666667 0.56875 0.6597222222222222 0.578125 0.6513888888888889 0.58984375 0.65
1 0.6640625 0.7583333333333333 0.67578125 0.7736111111111111 0.6796875 0.7902777777777777 0.6796875 0.8055555555555556 0.6734375 0.8305555555555556 0.66484375 0.8416666666666667 0.6578125 0.8458333333333333 0.6453125 0.8430555555555556 0.63515625 0.8305555555555556 0.6296875 0.8125 0.6296875 0.7916666666666666 0.6328125 0.7777777777777778 0.64296875 0.7611111111111111 0.653125 0.7555555555555555 0.66328125 0.7583333333333333
1 0.65703125 0.5347222222222222 0.6671875 0.5430555555555555 0.675 0.5583333333333333 0.6765625 0.5666666666666667 0.6765625 0.5916666666666667 0.671875 0.6083333333333333 0.665625 0.6180555555555556 0.65625 0.625 0.64765625 0.625 0.63828125 0.6194444444444445 0.6296875 0.6055555555555555 0.6265625 0.5916666666666667 0.6265625 0.5680555555555555 0.6296875 0.5541666666666667 0.64296875 0.5361111111111111 0.65625 0.5347222222222222
1 0.5140625 0.4305555555555556 0.521875 0.43333333333333335 0.5296875 0.44166666666666665 0.5359375 0.45555555555555555 0.53828125 0.4666666666666667 0.53828125 0.4888888888888889 0.53515625 0.5013888888888889 0.5265625 0.5166666666666667 0.515625 0.5236111111111111 0.50546875 0.5222222222222223 0.4984375 0.5166666666666667 0.490625 0.5027777777777778 0.48671875 0.4847222222222222 0.48671875 0.4666666666666667 0.490625 0.45 0.496875 0.4388888888888889 0.503125 0.43333333333333335 0.51328125 0.4305555555555556
1 0.5921875 0.8708333333333333 0.60546875 0.8805555555555555 0.6109375 0.8916666666666667 0.6140625 0.9069444444444444 0.6140625 0.9236111111111112 0.609375 0.9416666666666667 0.603125 0.9527777777777777 0.59296875 0.9597222222222223 0.58359375 0.9597222222222223 0.57421875 0.9527777777777777 0.56640625 0.9402777777777778 0.56328125 0.9263888888888889 0.5640625 0.9027777777777778 0.56953125 0.8861111111111111 0.5734375 0.8791666666666667 0.58203125 0.8722222222222222 0.59140625 0.8708333333333333
1 0.7265625 0.75 0.7390625 0.7597222222222222 0.7453125 0.7736111111111111 0.74765625 0.7958333333333333 0.74609375 0.8097222222222222 0.74140625 0.8236111111111111 0.73203125 0.8361111111111111 0.71875 0.8402777777777778 0.70703125 0.8319444444444445 0.69921875 0.8166666666666667 0.6984375 0.7833333333333333 0.70234375 0.7694444444444445 0.71328125 0.7541666666666667 0.72578125 0.7513888888888889
1 0.521875 0.5444444444444444 0.52890625 0.55 0.53671875 0.5638888888888889 0.53984375 0.5763888888888888 0.53984375 0.6013888888888889 0.5375 0.6125 0.53046875 0.6263888888888889 0.5203125 0.6347222222222222 0.51015625 0.6347222222222222 0.49921875 0.6263888888888889 0.490625 0.6069444444444444 0.4890625 0.5791666666666667 0.49140625 0.5666666666666667 0.5015625 0.5486111111111112 0.51171875 0.5430555555555555 0.52109375 0.5444444444444444
1 0.5953125 0.5430555555555555 0.60625 0.5611111111111111 0.609375 0.5875 0.60703125 0.6041666666666666 0.603125 0.6138888888888889 0.596875 0.6236111111111111 0.5875 0.6305555555555555 0.58046875 0.6305555555555555 0.5734375 0.6263888888888889 0.56171875 0.6097222222222223 0.5578125 0.5916666666666667 0.5578125 0.575 0.5625 0.5569444444444445 0.57265625 0.5416666666666666 0.5890625 0.5388888888888889 0.59453125 0.5430555555555555