1 0.62734375 0.7277777777777777 0.63203125 0.7319444444444444 0.63984375 0.75 0.63984375 0.7736111111111111 0.63515625 0.7902777777777777 0.63125 0.7972222222222223 0.62265625 0.8041666666666667 0.6109375 0.8041666666666667 0.60234375 0.7958333333333333 0.59453125 0.7791666666666667 0.59375 0.7541666666666667 0.5984375 0.7388888888888889 0.60625 0.7291666666666666 0.61875 0.7236111111111111 0.6265625 0.7277777777777777
1 0.38046875 0.7444444444444445 0.390625 0.7611111111111111 0.39296875 0.775 0.39296875 0.7888888888888889 0.38671875 0.8083333333333333 0.37265625 0.8194444444444444 0.35859375 0.8138888888888889 0.3515625 0.8027777777777778 0.34765625 0.7902777777777777 0.346875 0.7680555555555556 0.35 0.7555555555555555 0.35859375 0.7430555555555556 0.37421875 0.7402777777777778 0.3796875 0.7444444444444445
1 0.56640625 0.7333333333333333 0.57421875 0.7444444444444445 0.57734375 0.7555555555555555 0.578125 0.7722222222222223 0.5734375 0.7930555555555555 0.56796875 0.8027777777777778 0.56015625 0.8083333333333333 0.5484375 0.8069444444444445 0.53828125 0.7972222222222223 0.53203125 0.7805555555555556 0.53125 0.7597222222222222 0.5359375 0.7430555555555556 0.5453125 0.7319444444444444 0.56015625 0.7291666666666666 0.565625 0.7333333333333333
1 0.43828125 0.7375 0.44453125 0.7430555555555556 0.4515625 0.7555555555555555 0.4546875 0.7791666666666667 0.45078125 0.7986111111111112 0.44296875 0.8111111111111111 0.43671875 0.8152777777777778 0.42421875 0.8138888888888889 0.4171875 0.8069444444444445 0.41015625 0.7916666666666666 0.4078125 0.7791666666666667 0.4078125 0.7666666666666667 0.41171875 0.7513888888888889 0.41796875 0.7416666666666667 0.4265625 0.7361111111111112 0.4375 0.7375
1 0.49609375 0.6347222222222222 0.5046875 0.6416666666666667 0.51171875 0.6555555555555556 0.51328125 0.6819444444444445 0.51015625 0.6958333333333333 0.50546875 0.7055555555555556 0.4984375 0.7125 0.490625 0.7152777777777778 0.484375 0.7138888888888889 0.4703125 0.6972222222222222 0.46640625 0.6819444444444445 0.46640625 0.6680555555555555 0.46953125 0.6513888888888889 0.47578125 0.6402777777777777 0.4875 0.6333333333333333 0.4953125 0.6347222222222222
1 0.55703125 0.5291666666666667 0.5640625 0.5347222222222222 0.57265625 0.55 0.57421875 0.5569444444444445 0.57421875 0.5777777777777777 0.56953125 0.5972222222222222 0.565625 0.6041666666666666 0.553125 0.6125 0.5421875 0.6097222222222223 0.53203125 0.5986111111111111 0.52734375 0.5819444444444445 0.5265625 0.5680555555555555 0.5296875 0.5472222222222223 0.53671875 0.5347222222222222 0.5484375 0.5277777777777778 0.55625 0.5291666666666667
1 0.559375 0.6305555555555555 0.56484375 0.6347222222222222 0.57421875 0.65 0.5765625 0.6611111111111111 0.5765625 0.675 0.571875 0.6944444444444444 0.56484375 0.7055555555555556 0.55703125 0.7111111111111111 0.5421875 0.7069444444444445 0.5328125 0.6930555555555555 0.52890625 0.6791666666666667 0.52890625 0.6569444444444444 0.53125 0.6486111111111111 0.53984375 0.6347222222222222 0.54609375 0.6305555555555555 0.55859375 0.6305555555555555
1 0.48984375 0.4305555555555556 0.49765625 0.4361111111111111 0.503125 0.4444444444444444 0.50859375 0.46111111111111114 0.509375 0.4708333333333333 0.50859375 0.48194444444444445 0.50390625 0.5 0.496875 0.5111111111111111 0.490625 0.5152777777777777 0.48046875 0.5152777777777777 0.46953125 0.5069444444444444 0.46328125 0.49444444444444446 0.46015625 0.475 0.46015625 0.4625 0.46640625 0.44166666666666665 0.47890625 0.4305555555555556 0.4890625 0.4305555555555556
1 0.5515625 0.425 0.56171875 0.43194444444444446 0.56875 0.44305555555555554 0.57265625 0.4638888888888889 0.571875 0.4791666666666667 0.5671875 0.49583333333333335 0.5609375 0.5041666666666667 0.55234375 0.5097222222222222 0.54296875 0.5097222222222222 0.534375 0.5027777777777778 0.52578125 0.4875 0.5234375 0.4722222222222222 0.52578125 0.4486111111111111 0.53203125 0.43472222222222223 0.54140625 0.4263888888888889 0.55078125 0.425
1 0.48828125 0.5319444444444444 0.4984375 0.5375 0.5078125 0.5513888888888889 0.5109375 0.5625 0.51171875 0.5791666666666667 0.5109375 0.5875 0.5046875 0.6041666666666666 0.49765625 0.6125 0.4875 0.6166666666666667 0.47109375 0.6055555555555555 0.46640625 0.5958333333333333 0.46328125 0.5805555555555556 0.46328125 0.5638888888888889 0.46640625 0.55 0.47578125 0.5361111111111111 0.4875 0.5319444444444444
1 0.68828125 0.7222222222222222 0.69921875 0.7347222222222223 0.703125 0.7486111111111111 0.70390625 0.7611111111111111 0.703125 0.7708333333333334 0.69765625 0.7861111111111111 0.6921875 0.7944444444444444 0.684375 0.8 0.67421875 0.8 0.66484375 0.7930555555555555 0.65703125 0.7763888888888889 0.65546875 0.7569444444444444 0.66015625 0.7375 0.66796875 0.7263888888888889 0.6796875 0.7208333333333333 0.6875 0.7222222222222222
1 0.50234375 0.7375 0.50703125 0.7416666666666667 0.5140625 0.7555555555555555 0.515625 0.7805555555555556 0.5125 0.7944444444444444 0.5078125 0.8027777777777778 0.49765625 0.8111111111111111 0.4859375 0.8097222222222222 0.47578125 0.8 0.46953125 0.7805555555555556 0.46953125 0.7611111111111111 0.4734375 0.7472222222222222 0.48203125 0.7361111111111112 0.49609375 0.7333333333333333 0.5015625 0.7375