1 0.553125 0.6180555555555556 0.56015625 0.6222222222222222 0.56640625 0.6319444444444444 0.57109375 0.6541666666666667 0.5671875 0.6819444444444445 0.56171875 0.6902777777777778 0.55390625 0.6958333333333333 0.54375 0.6958333333333333 0.53671875 0.6902777777777778 0.5296875 0.6805555555555556 0.52578125 0.6680555555555555 0.52578125 0.6486111111111111 0.52890625 0.6347222222222222 0.540625 0.6194444444444445 0.55234375 0.6180555555555556
1 0.48828125 0.42777777777777776 0.49765625 0.43472222222222223 0.50234375 0.44305555555555554 0.50625 0.45694444444444443 0.50703125 0.4722222222222222 0.50234375 0.4930555555555556 0.49453125 0.5055555555555555 0.4859375 0.5111111111111111 0.47109375 0.5041666666666667 0.46328125 0.49027777777777776 0.459375 0.4736111111111111 0.459375 0.4597222222222222 0.4625 0.44583333333333336 0.46875 0.43472222222222223 0.47734375 0.42777777777777776 0.4875 0.42777777777777776
1 0.4359375 0.7236111111111111 0.446875 0.7333333333333333 0.45390625 0.7527777777777778 0.45390625 0.7708333333333334 0.45 0.7847222222222222 0.44453125 0.7930555555555555 0.43671875 0.7986111111111112 0.428125 0.7986111111111112 0.41796875 0.7902777777777777 0.4109375 0.7777777777777778 0.40859375 0.7638888888888888 0.41015625 0.7444444444444445 0.41484375 0.7333333333333333 0.425 0.7236111111111111 0.43515625 0.7236111111111111
1 0.54765625 0.4222222222222222 0.55859375 0.4305555555555556 0.5640625 0.44027777777777777 0.56796875 0.45555555555555555 0.5671875 0.4736111111111111 0.56484375 0.48333333333333334 0.55859375 0.49583333333333335 0.54765625 0.5041666666666667 0.53828125 0.5027777777777778 0.528125 0.49444444444444446 0.52421875 0.4861111111111111 0.52109375 0.4708333333333333 0.52109375 0.45416666666666666 0.52421875 0.4388888888888889 0.53515625 0.425 0.546875 0.4222222222222222
1 0.49609375 0.5291666666666667 0.5015625 0.5347222222222222 0.50625 0.5458333333333333 0.509375 0.5597222222222222 0.509375 0.5708333333333333 0.5046875 0.5902777777777778 0.496875 0.6027777777777777 0.4890625 0.6069444444444444 0.4765625 0.6027777777777777 0.46640625 0.5902777777777778 0.46328125 0.5777777777777777 0.4625 0.5569444444444445 0.46796875 0.5388888888888889 0.4765625 0.5277777777777778 0.48828125 0.525 0.4953125 0.5291666666666667
1 0.67265625 0.7041666666666667 0.68125 0.7097222222222223 0.6875 0.7194444444444444 0.690625 0.7305555555555555 0.690625 0.7486111111111111 0.6859375 0.7652777777777777 0.68046875 0.7736111111111111 0.675 0.7791666666666667 0.66875 0.7805555555555556 0.6578125 0.7763888888888889 0.65078125 0.7666666666666667 0.646875 0.7541666666666667 0.646875 0.7347222222222223 0.65 0.7236111111111111 0.65703125 0.7111111111111111 0.6640625 0.7055555555555556 0.671875 0.7041666666666667
0 0.61328125 0.7083333333333334 0.621875 0.7138888888888889 0.6296875 0.7263888888888889 0.63203125 0.7444444444444445 0.6296875 0.7625 0.62109375 0.7791666666666667 0.6140625 0.7847222222222222 0.60546875 0.7847222222222222 0.59765625 0.7791666666666667 0.58984375 0.7666666666666667 0.5875 0.7569444444444444 0.5875 0.7375 0.590625 0.7263888888888889 0.6015625 0.7111111111111111 0.6125 0.7083333333333334
0 0.49453125 0.7180555555555556 0.50546875 0.7263888888888889 0.51328125 0.7444444444444445 0.51328125 0.7638888888888888 0.509375 0.7791666666666667 0.503125 0.7888888888888889 0.49453125 0.7944444444444444 0.484375 0.7930555555555555 0.4765625 0.7861111111111111 0.47109375 0.775 0.46875 0.7638888888888888 0.46875 0.7458333333333333 0.47265625 0.7319444444444444 0.4765625 0.725 0.48359375 0.7194444444444444 0.49375 0.7180555555555556
0 0.5515625 0.7125 0.5609375 0.7166666666666667 0.56640625 0.7236111111111111 0.5703125 0.7319444444444444 0.57265625 0.7444444444444445 0.571875 0.7611111111111111 0.56796875 0.775 0.56171875 0.7847222222222222 0.553125 0.7902777777777777 0.54453125 0.7888888888888889 0.53671875 0.7819444444444444 0.5296875 0.7680555555555556 0.528125 0.7583333333333333 0.528125 0.7416666666666667 0.53125 0.7305555555555555 0.5390625 0.7180555555555556 0.55078125 0.7125
0 0.3765625 0.7277777777777777 0.384375 0.7333333333333333 0.38984375 0.7416666666666667 0.39375 0.7527777777777778 0.39453125 0.775 0.39140625 0.7861111111111111 0.3859375 0.7958333333333333 0.37578125 0.8041666666666667 0.3671875 0.8027777777777778 0.35859375 0.7958333333333333 0.3515625 0.7805555555555556 0.35 0.7722222222222223 0.35 0.7527777777777778 0.35625 0.7361111111111112 0.365625 0.7277777777777777 0.37578125 0.7277777777777777
0 0.4953125 0.6236111111111111 0.50546875 0.6333333333333333 0.50859375 0.6402777777777777 0.51171875 0.6527777777777778 0.51171875 0.6680555555555555 0.50703125 0.6861111111111111 0.50234375 0.6944444444444444 0.49375 0.7013888888888888 0.48515625 0.7013888888888888 0.47109375 0.6888888888888889 0.46640625 0.675 0.465625 0.6513888888888889 0.46953125 0.6375 0.4765625 0.6263888888888889 0.48359375 0.6222222222222222 0.49453125 0.6236111111111111
0 0.55703125 0.525 0.56796875 0.5430555555555555 0.56953125 0.5666666666666667 0.565625 0.5847222222222223 0.56015625 0.5944444444444444 0.55 0.6013888888888889 0.53828125 0.5986111111111111 0.52890625 0.5888888888888889 0.5234375 0.5694444444444444 0.5234375 0.55 0.528125 0.5347222222222222 0.53671875 0.5236111111111111 0.55078125 0.5208333333333334 0.55625 0.525