0 0.49296875 0.7652777777777777 0.50546875 0.7736111111111111 0.51171875 0.7861111111111111 0.5140625 0.7986111111111112 0.51328125 0.8166666666666667 0.51015625 0.8291666666666667 0.5046875 0.8388888888888889 0.49609375 0.8458333333333333 0.48671875 0.8458333333333333 0.4765625 0.8361111111111111 0.4703125 0.8236111111111111 0.46796875 0.8069444444444445 0.46953125 0.7888888888888889 0.47578125 0.775 0.4828125 0.7680555555555556 0.4921875 0.7652777777777777
0 0.55859375 0.7680555555555556 0.56640625 0.775 0.57109375 0.7847222222222222 0.57421875 0.8 0.57421875 0.8125 0.57109375 0.8277777777777777 0.56484375 0.8402777777777778 0.55390625 0.8472222222222222 0.54296875 0.8444444444444444 0.5359375 0.8361111111111111 0.52890625 0.8194444444444444 0.528125 0.8013888888888889 0.53046875 0.7875 0.5390625 0.7722222222222223 0.546875 0.7666666666666667 0.5578125 0.7680555555555556
0 0.61875 0.7680555555555556 0.628125 0.7777777777777778 0.6328125 0.7888888888888889 0.634375 0.8152777777777778 0.63046875 0.8319444444444445 0.62265625 0.8430555555555556 0.61640625 0.8472222222222222 0.60703125 0.8472222222222222 0.59765625 0.8388888888888889 0.59140625 0.8263888888888888 0.58828125 0.8055555555555556 0.59140625 0.7861111111111111 0.59921875 0.7736111111111111 0.60625 0.7680555555555556 0.61796875 0.7680555555555556
0 0.43828125 0.6666666666666666 0.44609375 0.6736111111111112 0.45078125 0.6833333333333333 0.45390625 0.6972222222222222 0.45390625 0.7166666666666667 0.45 0.7319444444444444 0.44375 0.7416666666666667 0.4375 0.7458333333333333 0.428125 0.7458333333333333 0.4171875 0.7375 0.4109375 0.725 0.40859375 0.7097222222222223 0.41015625 0.6902777777777778 0.4171875 0.675 0.42734375 0.6666666666666666 0.4375 0.6666666666666666
0 0.5546875 0.5708333333333333 0.56640625 0.5791666666666667 0.57421875 0.6013888888888889 0.57421875 0.6222222222222222 0.57109375 0.6333333333333333 0.56640625 0.6430555555555556 0.55625 0.6513888888888889 0.55 0.6513888888888889 0.540625 0.6458333333333334 0.53203125 0.6319444444444444 0.52890625 0.6166666666666667 0.52890625 0.6013888888888889 0.53203125 0.5888888888888889 0.5421875 0.5736111111111111 0.55390625 0.5708333333333333
0 0.5 0.6694444444444444 0.5078125 0.6777777777777778 0.51171875 0.6861111111111111 0.5140625 0.6958333333333333 0.5140625 0.7152777777777778 0.5078125 0.7375 0.5015625 0.7444444444444445 0.49296875 0.7486111111111111 0.48671875 0.7472222222222222 0.47265625 0.7305555555555555 0.46953125 0.7194444444444444 0.46875 0.7013888888888888 0.47265625 0.6833333333333333 0.48046875 0.6722222222222223 0.490625 0.6666666666666666 0.49921875 0.6694444444444444
1 0.5546875 0.475 0.56328125 0.4791666666666667 0.57109375 0.49166666666666664 0.57421875 0.5041666666666667 0.57421875 0.525 0.56640625 0.5458333333333333 0.553125 0.5541666666666667 0.54140625 0.5486111111111112 0.5328125 0.5347222222222222 0.5296875 0.5194444444444445 0.5296875 0.5013888888888889 0.5390625 0.48055555555555557 0.55390625 0.475
1 0.49609375 0.5708333333333333 0.5078125 0.5805555555555556 0.5140625 0.6 0.5140625 0.6180555555555556 0.51171875 0.6305555555555555 0.50546875 0.6430555555555556 0.49609375 0.65 0.4875 0.65 0.478125 0.6416666666666667 0.471875 0.6291666666666667 0.46953125 0.6152777777777778 0.46953125 0.6013888888888889 0.4734375 0.5847222222222223 0.48359375 0.5722222222222222 0.4953125 0.5708333333333333
1 0.55625 0.6694444444444444 0.56484375 0.675 0.5703125 0.6847222222222222 0.57421875 0.7 0.57421875 0.7166666666666667 0.571875 0.7277777777777777 0.56640625 0.7402777777777778 0.55703125 0.7486111111111111 0.54921875 0.7486111111111111 0.5390625 0.7416666666666667 0.53203125 0.7291666666666666 0.52890625 0.7152777777777778 0.5296875 0.6930555555555555 0.5375 0.6763888888888889 0.54453125 0.6708333333333333 0.55546875 0.6694444444444444
1 0.43515625 0.7652777777777777 0.44296875 0.7708333333333334 0.45 0.7833333333333333 0.453125 0.7944444444444444 0.45390625 0.8097222222222222 0.45078125 0.8263888888888888 0.4421875 0.8402777777777778 0.43359375 0.8458333333333333 0.4234375 0.8430555555555556 0.41328125 0.8305555555555556 0.409375 0.8180555555555555 0.40859375 0.7986111111111112 0.4109375 0.7833333333333333 0.41640625 0.7736111111111111 0.42421875 0.7666666666666667 0.434375 0.7652777777777777
1 0.6765625 0.7694444444444445 0.6875 0.7791666666666667 0.69140625 0.7875 0.69375 0.7972222222222223 0.69375 0.8166666666666667 0.6875 0.8375 0.68125 0.8458333333333333 0.67578125 0.8486111111111111 0.6671875 0.8472222222222222 0.65703125 0.8375 0.65078125 0.8236111111111111 0.64921875 0.8111111111111111 0.64921875 0.8 0.6515625 0.7888888888888889 0.65859375 0.775 0.665625 0.7694444444444445 0.67578125 0.7694444444444445