0 0.55546875 0.7138888888888889 0.56484375 0.7208333333333333 0.56953125 0.7291666666666666 0.57265625 0.7430555555555556 0.57265625 0.7569444444444444 0.56796875 0.775 0.5640625 0.7819444444444444 0.55546875 0.7888888888888889 0.54609375 0.7888888888888889 0.53828125 0.7833333333333333 0.53046875 0.7708333333333334 0.528125 0.7611111111111111 0.528125 0.7430555555555556 0.53125 0.7305555555555555 0.54296875 0.7152777777777778 0.5546875 0.7138888888888889
0 0.49453125 0.7180555555555556 0.50546875 0.7263888888888889 0.51328125 0.7444444444444445 0.51328125 0.7625 0.51015625 0.7763888888888889 0.50546875 0.7861111111111111 0.49453125 0.7944444444444444 0.484375 0.7930555555555555 0.4796875 0.7888888888888889 0.47265625 0.7791666666666667 0.46875 0.7638888888888888 0.46875 0.7458333333333333 0.4734375 0.7305555555555555 0.48359375 0.7194444444444444 0.49375 0.7180555555555556
0 0.6171875 0.7097222222222223 0.62578125 0.7194444444444444 0.6296875 0.7277777777777777 0.63203125 0.7388888888888889 0.63203125 0.7513888888888889 0.6296875 0.7625 0.62421875 0.775 0.61484375 0.7847222222222222 0.6046875 0.7833333333333333 0.59296875 0.7722222222222223 0.5875 0.7541666666666667 0.5875 0.7402777777777778 0.59140625 0.725 0.5984375 0.7138888888888889 0.60546875 0.7083333333333334 0.61640625 0.7097222222222223
0 0.61328125 0.6125 0.61953125 0.6166666666666667 0.62734375 0.6291666666666667 0.63046875 0.6430555555555556 0.63046875 0.6583333333333333 0.6234375 0.6805555555555556 0.61171875 0.6916666666666667 0.6015625 0.6902777777777778 0.59453125 0.6833333333333333 0.58671875 0.6680555555555555 0.58515625 0.6527777777777778 0.58671875 0.6375 0.59296875 0.6222222222222222 0.60390625 0.6125 0.6125 0.6125
0 0.55078125 0.5208333333333334 0.55859375 0.5263888888888889 0.565625 0.5375 0.56953125 0.5555555555555556 0.56875 0.5722222222222222 0.565625 0.5847222222222223 0.56015625 0.5944444444444444 0.55078125 0.6013888888888889 0.540625 0.6 0.53046875 0.5916666666666667 0.5234375 0.5694444444444444 0.5234375 0.55 0.528125 0.5347222222222222 0.53671875 0.5236111111111111 0.55 0.5208333333333334
0 0.3796875 0.7291666666666666 0.3875 0.7375 0.39296875 0.75 0.39453125 0.7708333333333334 0.39140625 0.7861111111111111 0.3859375 0.7958333333333333 0.37421875 0.8041666666666667 0.365625 0.8013888888888889 0.35703125 0.7930555555555555 0.3515625 0.7805555555555556 0.35 0.7555555555555555 0.3546875 0.7388888888888889 0.35859375 0.7333333333333333 0.36640625 0.7277777777777777 0.37890625 0.7291666666666666
0 0.49921875 0.6263888888888889 0.50859375 0.6402777777777777 0.51171875 0.6541666666666667 0.51171875 0.6680555555555555 0.50859375 0.6819444444444445 0.503125 0.6930555555555555 0.4921875 0.7013888888888888 0.47734375 0.6958333333333333 0.46953125 0.6847222222222222 0.465625 0.6708333333333333 0.465625 0.6513888888888889 0.46953125 0.6375 0.4765625 0.6263888888888889 0.484375 0.6222222222222222 0.49296875 0.6222222222222222 0.4984375 0.6263888888888889
1 0.55078125 0.4236111111111111 0.55859375 0.4305555555555556 0.5640625 0.44027777777777777 0.5671875 0.4527777777777778 0.5671875 0.4736111111111111 0.5609375 0.4930555555555556 0.55 0.5041666666666667 0.53984375 0.5041666666666667 0.5296875 0.49583333333333335 0.52578125 0.49027777777777776 0.52109375 0.46944444444444444 0.521875 0.4486111111111111 0.525 0.4375 0.53515625 0.425 0.55 0.4236111111111111
1 0.61640625 0.5194444444444445 0.6265625 0.5361111111111111 0.62890625 0.5486111111111112 0.62890625 0.5638888888888889 0.6265625 0.575 0.62109375 0.5875 0.60859375 0.5972222222222222 0.6 0.5958333333333333 0.59140625 0.5875 0.584375 0.5694444444444444 0.58359375 0.5527777777777778 0.58671875 0.5361111111111111 0.59375 0.5236111111111111 0.60234375 0.5166666666666667 0.6125 0.5166666666666667 0.615625 0.5194444444444445
1 0.4359375 0.7236111111111111 0.44375 0.7291666666666666 0.45078125 0.7416666666666667 0.45390625 0.7527777777777778 0.45234375 0.7777777777777778 0.44453125 0.7930555555555555 0.43671875 0.7986111111111112 0.428125 0.7986111111111112 0.4203125 0.7930555555555555 0.4140625 0.7847222222222222 0.409375 0.7680555555555556 0.41015625 0.7458333333333333 0.41796875 0.7291666666666666 0.425 0.7236111111111111 0.43515625 0.7236111111111111
1 0.490625 0.42916666666666664 0.4984375 0.4361111111111111 0.5046875 0.4486111111111111 0.50703125 0.475 0.50234375 0.4930555555555556 0.496875 0.5027777777777778 0.48828125 0.5097222222222222 0.47890625 0.5097222222222222 0.4703125 0.5027777777777778 0.4640625 0.49166666666666664 0.4609375 0.48055555555555557 0.459375 0.4625 0.46328125 0.4444444444444444 0.4703125 0.43333333333333335 0.47734375 0.42777777777777776 0.48984375 0.42916666666666664
1 0.55625 0.6194444444444445 0.5625 0.625 0.56875 0.6375 0.57109375 0.6611111111111111 0.565625 0.6847222222222222 0.55390625 0.6958333333333333 0.54375 0.6958333333333333 0.53359375 0.6861111111111111 0.5265625 0.6708333333333333 0.52578125 0.6486111111111111 0.52890625 0.6347222222222222 0.5359375 0.6236111111111111 0.54453125 0.6180555555555556 0.55546875 0.6194444444444445
1 0.49453125 0.5277777777777778 0.50625 0.5458333333333333 0.509375 0.5597222222222222 0.509375 0.5708333333333333 0.50625 0.5861111111111111 0.49921875 0.6 0.48828125 0.6069444444444444 0.48125 0.6055555555555555 0.4703125 0.5958333333333333 0.46484375 0.5833333333333334 0.4625 0.5652777777777778 0.46640625 0.5430555555555555 0.471875 0.5333333333333333 0.48046875 0.5263888888888889 0.4875 0.525 0.49375 0.5277777777777778
1 0.6765625 0.7055555555555556 0.6875 0.7194444444444444 0.690625 0.7319444444444444 0.690625 0.7472222222222222 0.68671875 0.7638888888888888 0.68203125 0.7722222222222223 0.671875 0.7805555555555556 0.6609375 0.7791666666666667 0.65078125 0.7666666666666667 0.646875 0.7527777777777778 0.646875 0.7347222222222223 0.65 0.7236111111111111 0.65703125 0.7111111111111111 0.66484375 0.7055555555555556 0.67578125 0.7055555555555556