0 0.5984375 0.4263888888888889 0.60546875 0.4305555555555556 0.6125 0.44166666666666665 0.6171875 0.4597222222222222 0.61796875 0.4791666666666667 0.615625 0.49166666666666664 0.61015625 0.5055555555555555 0.60234375 0.5152777777777777 0.5953125 0.5194444444444445 0.58125 0.5166666666666667 0.56953125 0.5013888888888889 0.565625 0.4875 0.56484375 0.4638888888888889 0.5671875 0.45 0.57578125 0.43333333333333335 0.58828125 0.425 0.59765625 0.4263888888888889
0 0.54140625 0.8916666666666667 0.5515625 0.9069444444444444 0.5546875 0.9208333333333333 0.5546875 0.9375 0.553125 0.95 0.5484375 0.9625 0.54375 0.9708333333333333 0.53515625 0.9777777777777777 0.525 0.9777777777777777 0.5109375 0.9666666666666667 0.50390625 0.9513888888888888 0.50234375 0.9222222222222223 0.5046875 0.9111111111111111 0.51875 0.8902777777777777 0.53515625 0.8875 0.540625 0.8916666666666667
0 0.53203125 0.5472222222222223 0.53828125 0.5527777777777778 0.54453125 0.5638888888888889 0.5484375 0.5791666666666667 0.54921875 0.6 0.546875 0.6125 0.53828125 0.6305555555555555 0.525 0.6388888888888888 0.51484375 0.6375 0.50390625 0.6263888888888889 0.4984375 0.6138888888888889 0.49609375 0.6027777777777777 0.49609375 0.5819444444444445 0.5 0.5652777777777778 0.5078125 0.5513888888888889 0.51796875 0.5444444444444444 0.53125 0.5472222222222223
0 0.60546875 0.8819444444444444 0.6203125 0.8986111111111111 0.6234375 0.9083333333333333 0.625 0.9236111111111112 0.62265625 0.9458333333333333 0.61953125 0.9555555555555556 0.6125 0.9666666666666667 0.6015625 0.9736111111111111 0.5875 0.9694444444444444 0.57890625 0.9583333333333334 0.57265625 0.9375 0.57265625 0.9152777777777777 0.57734375 0.9 0.584375 0.8888888888888888 0.59453125 0.8819444444444444 0.6046875 0.8819444444444444
0 0.6796875 0.8805555555555555 0.68515625 0.8861111111111111 0.6921875 0.9013888888888889 0.69375 0.9152777777777777 0.69296875 0.9319444444444445 0.68359375 0.9569444444444445 0.6703125 0.9666666666666667 0.65703125 0.9625 0.64765625 0.95 0.6421875 0.9319444444444445 0.6421875 0.9138888888888889 0.6484375 0.8930555555555556 0.65625 0.8819444444444444 0.66796875 0.8763888888888889 0.67890625 0.8805555555555555
0 0.6796875 0.7680555555555556 0.68828125 0.7819444444444444 0.69140625 0.7916666666666666 0.6921875 0.8152777777777778 0.6859375 0.8388888888888889 0.67890625 0.8486111111111111 0.67109375 0.8541666666666666 0.6609375 0.8541666666666666 0.6515625 0.8472222222222222 0.64140625 0.825 0.640625 0.8013888888888889 0.64609375 0.7819444444444444 0.6578125 0.7666666666666667 0.6734375 0.7638888888888888 0.67890625 0.7680555555555556
0 0.39375 0.8958333333333334 0.4 0.9 0.41015625 0.9152777777777777 0.4140625 0.9291666666666667 0.41484375 0.9458333333333333 0.4125 0.9625 0.4078125 0.9736111111111111 0.4015625 0.9819444444444444 0.39296875 0.9875 0.38359375 0.9875 0.37421875 0.9805555555555555 0.365625 0.9666666666666667 0.3609375 0.95 0.3625 0.9263888888888889 0.36875 0.9097222222222222 0.3796875 0.8972222222222223 0.39296875 0.8958333333333334
0 0.53828125 0.7777777777777778 0.54375 0.7833333333333333 0.55 0.7958333333333333 0.553125 0.8097222222222222 0.553125 0.825 0.55 0.8416666666666667 0.5421875 0.8569444444444444 0.52890625 0.8652777777777778 0.51640625 0.8625 0.50390625 0.8444444444444444 0.5 0.8277777777777777 0.5 0.8111111111111111 0.50390625 0.7944444444444444 0.51484375 0.7777777777777778 0.5234375 0.7736111111111111 0.53046875 0.7736111111111111 0.5375 0.7777777777777778
1 0.4609375 0.8916666666666667 0.46640625 0.8930555555555556 0.47578125 0.9027777777777778 0.48046875 0.9111111111111111 0.484375 0.9277777777777778 0.48359375 0.9527777777777777 0.4796875 0.9652777777777778 0.4703125 0.9791666666666666 0.46328125 0.9833333333333333 0.4546875 0.9833333333333333 0.44296875 0.975 0.4375 0.9652777777777778 0.4328125 0.9486111111111111 0.4328125 0.925 0.43671875 0.9097222222222222 0.4484375 0.8944444444444445 0.46015625 0.8916666666666667
1 0.6 0.5416666666666666 0.60859375 0.5486111111111112 0.61640625 0.5638888888888889 0.61953125 0.5777777777777777 0.61953125 0.5958333333333333 0.6171875 0.6083333333333333 0.6125 0.6194444444444445 0.6078125 0.6263888888888889 0.59609375 0.6347222222222222 0.58828125 0.6347222222222222 0.57734375 0.6263888888888889 0.56875 0.6083333333333333 0.56640625 0.5819444444444445 0.5703125 0.5611111111111111 0.57578125 0.5513888888888889 0.58515625 0.5416666666666666 0.59921875 0.5416666666666666
1 0.60546875 0.7708333333333334 0.61953125 0.7902777777777777 0.62265625 0.8055555555555556 0.62265625 0.8222222222222222 0.61875 0.8402777777777778 0.61171875 0.8527777777777777 0.59921875 0.8611111111111112 0.5875 0.8583333333333333 0.58125 0.8527777777777777 0.5734375 0.8375 0.5703125 0.8138888888888889 0.5734375 0.7916666666666666 0.58125 0.7777777777777778 0.59375 0.7694444444444445 0.6046875 0.7708333333333334
1 0.603125 0.6569444444444444 0.6125 0.6666666666666666 0.61953125 0.6819444444444445 0.62109375 0.7097222222222223 0.615625 0.7305555555555555 0.609375 0.7402777777777778 0.60078125 0.7472222222222222 0.58984375 0.7472222222222222 0.57890625 0.7388888888888889 0.5703125 0.7194444444444444 0.56875 0.6930555555555555 0.5734375 0.6736111111111112 0.58046875 0.6625 0.58984375 0.6555555555555556 0.60234375 0.6569444444444444
1 0.67265625 0.6513888888888889 0.6828125 0.6597222222222222 0.68828125 0.6722222222222223 0.690625 0.6833333333333333 0.690625 0.7083333333333334 0.6890625 0.7166666666666667 0.68125 0.7333333333333333 0.66875 0.7430555555555556 0.65546875 0.7416666666666667 0.64609375 0.7305555555555555 0.63984375 0.7125 0.6390625 0.6888888888888889 0.64375 0.6694444444444444 0.6515625 0.6569444444444444 0.65859375 0.6513888888888889 0.671875 0.6513888888888889
1 0.7421875 0.7597222222222222 0.74921875 0.7638888888888888 0.7578125 0.7763888888888889 0.76171875 0.7944444444444444 0.76171875 0.8069444444444445 0.759375 0.8222222222222222 0.75546875 0.8333333333333334 0.74921875 0.8430555555555556 0.73984375 0.85 0.73125 0.85 0.71953125 0.8416666666666667 0.7125 0.8263888888888888 0.7109375 0.7986111111111112 0.71328125 0.7833333333333333 0.7234375 0.7652777777777777 0.7328125 0.7597222222222222 0.74140625 0.7597222222222222
1 0.53515625 0.6638888888888889 0.54296875 0.6722222222222223 0.54765625 0.6833333333333333 0.55078125 0.6958333333333333 0.55078125 0.7152777777777778 0.54765625 0.7305555555555555 0.54296875 0.7402777777777778 0.5359375 0.7486111111111111 0.52734375 0.7527777777777778 0.515625 0.75 0.5046875 0.7375 0.4984375 0.7180555555555556 0.4984375 0.6944444444444444 0.50390625 0.6763888888888889 0.51640625 0.6611111111111111 0.52890625 0.6597222222222222 0.534375 0.6638888888888889
1 0.75 0.8763888888888889 0.7578125 0.8861111111111111 0.76171875 0.8986111111111111 0.7625 0.9236111111111112 0.75703125 0.9444444444444444 0.7515625 0.9541666666666667 0.7421875 0.9611111111111111 0.73046875 0.9611111111111111 0.7234375 0.9569444444444445 0.71640625 0.9458333333333333 0.7125 0.9305555555555556 0.7125 0.9069444444444444 0.71953125 0.8861111111111111 0.72734375 0.8763888888888889 0.73515625 0.8722222222222222 0.74375 0.8722222222222222 0.74921875 0.8763888888888889