1 0.55703125 0.4222222222222222 0.56484375 0.42777777777777776 0.57109375 0.4388888888888889 0.575 0.45416666666666666 0.575 0.4722222222222222 0.57109375 0.4875 0.55703125 0.5027777777777778 0.54453125 0.5013888888888889 0.53671875 0.49444444444444446 0.53203125 0.4861111111111111 0.528125 0.4666666666666667 0.52890625 0.44722222222222224 0.53828125 0.42777777777777776 0.54765625 0.4222222222222222 0.55625 0.4222222222222222
1 0.5578125 0.6166666666666667 0.56953125 0.625 0.5765625 0.6375 0.57890625 0.6486111111111111 0.57890625 0.6625 0.57578125 0.6763888888888889 0.57109375 0.6861111111111111 0.56015625 0.6958333333333333 0.55078125 0.6958333333333333 0.5390625 0.6861111111111111 0.53203125 0.6611111111111111 0.53203125 0.6472222222222223 0.53515625 0.6347222222222222 0.54609375 0.6194444444444445 0.55703125 0.6166666666666667
1 0.67890625 0.7041666666666667 0.69140625 0.7125 0.6953125 0.7194444444444444 0.6984375 0.7333333333333333 0.69765625 0.7513888888888889 0.69375 0.7652777777777777 0.68515625 0.7777777777777778 0.68046875 0.7805555555555556 0.67265625 0.7805555555555556 0.6640625 0.775 0.65859375 0.7666666666666667 0.65390625 0.7513888888888889 0.65390625 0.7361111111111112 0.65703125 0.7236111111111111 0.66328125 0.7125 0.678125 0.7041666666666667
1 0.50625 0.7194444444444444 0.51796875 0.7361111111111112 0.5203125 0.7472222222222222 0.5203125 0.7597222222222222 0.5171875 0.7763888888888889 0.51171875 0.7861111111111111 0.50390625 0.7930555555555555 0.49375 0.7930555555555555 0.48359375 0.7847222222222222 0.4765625 0.7694444444444445 0.475 0.75 0.4796875 0.7305555555555555 0.48671875 0.7208333333333333 0.49375 0.7166666666666667 0.50546875 0.7194444444444444
1 0.50234375 0.5277777777777778 0.51328125 0.5430555555555555 0.51640625 0.5569444444444445 0.51640625 0.5708333333333333 0.51328125 0.5861111111111111 0.50859375 0.5958333333333333 0.4953125 0.6055555555555555 0.48515625 0.6027777777777777 0.4765625 0.5930555555555556 0.4703125 0.5777777777777777 0.46953125 0.5611111111111111 0.4734375 0.5402777777777777 0.48359375 0.5263888888888889 0.49453125 0.5236111111111111 0.5015625 0.5277777777777778
0 0.4421875 0.7208333333333333 0.453125 0.7291666666666666 0.4578125 0.7375 0.4609375 0.7513888888888889 0.4609375 0.7666666666666667 0.45703125 0.7819444444444444 0.44921875 0.7930555555555555 0.4421875 0.7972222222222223 0.43125 0.7944444444444444 0.42421875 0.7875 0.41875 0.7777777777777778 0.41640625 0.7652777777777777 0.41640625 0.7458333333333333 0.4203125 0.7333333333333333 0.4296875 0.7222222222222222 0.43515625 0.7194444444444444 0.44140625 0.7208333333333333
0 0.43984375 0.625 0.45 0.6333333333333333 0.45625 0.6458333333333334 0.45859375 0.6555555555555556 0.4578125 0.6791666666666667 0.4546875 0.6888888888888889 0.446875 0.7 0.43984375 0.7041666666666667 0.43203125 0.7041666666666667 0.42109375 0.6944444444444444 0.415625 0.6847222222222222 0.41328125 0.6708333333333333 0.41328125 0.6513888888888889 0.4171875 0.6388888888888888 0.42578125 0.6277777777777778 0.4390625 0.625
0 0.5078125 0.6263888888888889 0.5171875 0.6444444444444445 0.51875 0.6638888888888889 0.5125 0.6888888888888889 0.5 0.7 0.48515625 0.6958333333333333 0.4765625 0.6833333333333333 0.47265625 0.6680555555555555 0.47265625 0.6486111111111111 0.475 0.6388888888888888 0.4875 0.6222222222222222 0.49765625 0.6208333333333333 0.50703125 0.6263888888888889
0 0.5625 0.7125 0.5703125 0.7180555555555556 0.57578125 0.7263888888888889 0.57890625 0.7388888888888889 0.5796875 0.7527777777777778 0.57578125 0.7736111111111111 0.56796875 0.7847222222222222 0.56171875 0.7888888888888889 0.55390625 0.7888888888888889 0.5453125 0.7833333333333333 0.53828125 0.7722222222222223 0.53515625 0.7597222222222222 0.53515625 0.7402777777777778 0.5390625 0.7263888888888889 0.54765625 0.7152777777777778 0.56171875 0.7125
0 0.5625 0.5222222222222223 0.57421875 0.5388888888888889 0.57734375 0.5583333333333333 0.57578125 0.5736111111111111 0.571875 0.5861111111111111 0.5640625 0.5986111111111111 0.55703125 0.6013888888888889 0.546875 0.5986111111111111 0.53984375 0.5930555555555556 0.53203125 0.5777777777777777 0.5296875 0.5583333333333333 0.5328125 0.5402777777777777 0.54140625 0.525 0.55 0.5194444444444445 0.56171875 0.5222222222222223
0 0.625 0.7097222222222223 0.63359375 0.7194444444444444 0.6375 0.7277777777777777 0.6390625 0.7541666666666667 0.63671875 0.7652777777777777 0.63046875 0.7777777777777778 0.6203125 0.7847222222222222 0.609375 0.7819444444444444 0.5984375 0.7694444444444445 0.5953125 0.7597222222222222 0.59453125 0.7430555555555556 0.5984375 0.7236111111111111 0.60625 0.7125 0.61171875 0.7083333333333334 0.62421875 0.7097222222222223