0 0.365625 0.5541666666666667 0.37734375 0.5597222222222222 0.38515625 0.5722222222222222 0.3875 0.5847222222222223 0.3875 0.6013888888888889 0.38359375 0.6166666666666667 0.3765625 0.6263888888888889 0.36953125 0.6305555555555555 0.3625 0.6305555555555555 0.35546875 0.6263888888888889 0.34609375 0.6125 0.34375 0.6 0.3453125 0.575 0.353125 0.5611111111111111 0.36015625 0.5555555555555556 0.36484375 0.5555555555555556
0 0.48828125 0.17083333333333334 0.49609375 0.17777777777777778 0.50234375 0.19027777777777777 0.5046875 0.2 0.5046875 0.22083333333333333 0.5015625 0.23333333333333334 0.4953125 0.24583333333333332 0.484375 0.2513888888888889 0.47265625 0.24722222222222223 0.46328125 0.23194444444444445 0.46015625 0.21666666666666667 0.46015625 0.2013888888888889 0.4640625 0.1875 0.47265625 0.1736111111111111 0.4875 0.17083333333333334
0 0.49296875 0.5583333333333333 0.50234375 0.575 0.50390625 0.5986111111111111 0.49921875 0.6166666666666667 0.4953125 0.6236111111111111 0.4875 0.6291666666666667 0.47578125 0.6277777777777778 0.4671875 0.6194444444444445 0.4609375 0.6027777777777777 0.46015625 0.5861111111111111 0.465625 0.5680555555555555 0.4734375 0.5569444444444445 0.48515625 0.5541666666666667 0.4921875 0.5583333333333333
0 0.3703125 0.17083333333333334 0.3765625 0.1763888888888889 0.3828125 0.18888888888888888 0.3859375 0.20416666666666666 0.3859375 0.2152777777777778 0.38046875 0.2375 0.36640625 0.25 0.36015625 0.25 0.3484375 0.24027777777777778 0.34140625 0.225 0.33984375 0.20416666666666666 0.3421875 0.18888888888888888 0.34921875 0.175 0.35703125 0.16944444444444445 0.36953125 0.17083333333333334
0 0.3703125 0.46111111111111114 0.3765625 0.4652777777777778 0.38359375 0.47638888888888886 0.38671875 0.4875 0.3875 0.5041666666666667 0.3859375 0.5166666666666667 0.3796875 0.5291666666666667 0.36796875 0.5375 0.3578125 0.5347222222222222 0.3453125 0.5180555555555556 0.34296875 0.5041666666666667 0.34296875 0.49027777777777776 0.3453125 0.4791666666666667 0.35078125 0.46805555555555556 0.35703125 0.4625 0.36953125 0.46111111111111114
0 0.371875 0.36666666666666664 0.378125 0.37222222222222223 0.38359375 0.3819444444444444 0.38671875 0.39444444444444443 0.38671875 0.4166666666666667 0.37890625 0.43472222222222223 0.36796875 0.44305555555555554 0.35625 0.44027777777777777 0.34765625 0.4305555555555556 0.3421875 0.4111111111111111 0.3421875 0.3958333333333333 0.3453125 0.38055555555555554 0.35234375 0.36944444444444446 0.35859375 0.36527777777777776 0.37109375 0.36666666666666664
1 0.4859375 0.26944444444444443 0.49453125 0.275 0.5 0.2847222222222222 0.5046875 0.30972222222222223 0.50234375 0.325 0.4984375 0.33611111111111114 0.49140625 0.3458333333333333 0.484375 0.3486111111111111 0.4734375 0.34444444444444444 0.465625 0.3333333333333333 0.46171875 0.32083333333333336 0.4609375 0.3013888888888889 0.46484375 0.2847222222222222 0.47109375 0.275 0.4796875 0.26944444444444443 0.48515625 0.26944444444444443
1 0.49140625 0.36944444444444446 0.5015625 0.38472222222222224 0.50390625 0.3958333333333333 0.50390625 0.41388888888888886 0.4984375 0.43194444444444446 0.4875 0.44305555555555554 0.4765625 0.44305555555555554 0.47109375 0.4388888888888889 0.46328125 0.4236111111111111 0.4609375 0.4097222222222222 0.4609375 0.3958333333333333 0.46328125 0.38472222222222224 0.4703125 0.37222222222222223 0.47734375 0.36666666666666664 0.490625 0.36944444444444446
1 0.54375 0.5555555555555556 0.55078125 0.5597222222222222 0.55703125 0.5694444444444444 0.56015625 0.5805555555555556 0.56015625 0.6041666666666666 0.5515625 0.6236111111111111 0.53984375 0.6305555555555555 0.52890625 0.625 0.521875 0.6138888888888889 0.51875 0.6 0.51875 0.5847222222222223 0.52265625 0.5708333333333333 0.5296875 0.5597222222222222 0.5359375 0.5555555555555556 0.54296875 0.5555555555555556
1 0.36875 0.26805555555555555 0.37578125 0.27361111111111114 0.3828125 0.2861111111111111 0.3859375 0.2986111111111111 0.3859375 0.31805555555555554 0.384375 0.3263888888888889 0.37734375 0.3402777777777778 0.36484375 0.3472222222222222 0.3546875 0.34305555555555556 0.346875 0.3333333333333333 0.3421875 0.31805555555555554 0.3421875 0.29583333333333334 0.34453125 0.2847222222222222 0.35234375 0.2722222222222222 0.359375 0.26805555555555555 0.36796875 0.26805555555555555
1 0.484375 0.46111111111111114 0.49453125 0.4666666666666667 0.5015625 0.48055555555555557 0.50390625 0.49444444444444446 0.503125 0.5097222222222222 0.49765625 0.5263888888888889 0.4859375 0.5375 0.47734375 0.5375 0.46875 0.5291666666666667 0.46328125 0.5166666666666667 0.4609375 0.5041666666666667 0.46171875 0.4861111111111111 0.46484375 0.47638888888888886 0.47578125 0.4625 0.48359375 0.46111111111111114
1 0.4328125 0.5583333333333333 0.4421875 0.5708333333333333 0.4453125 0.5833333333333334 0.4453125 0.6 0.4421875 0.6152777777777778 0.43828125 0.6222222222222222 0.4265625 0.6305555555555555 0.41796875 0.6291666666666667 0.4109375 0.6222222222222222 0.40390625 0.6069444444444444 0.40234375 0.5930555555555556 0.40625 0.5708333333333333 0.41328125 0.5597222222222222 0.41875 0.5555555555555556 0.43203125 0.5583333333333333