0 0.4671875 0.875 0.47421875 0.8819444444444444 0.48046875 0.8930555555555556 0.48359375 0.9069444444444444 0.48359375 0.925 0.48046875 0.9375 0.4734375 0.9513888888888888 0.46328125 0.9597222222222223 0.45234375 0.9597222222222223 0.4421875 0.9513888888888888 0.434375 0.9361111111111111 0.4328125 0.9055555555555556 0.4375 0.8916666666666667 0.44609375 0.8777777777777778 0.45234375 0.8736111111111111 0.46640625 0.875
0 0.58828125 0.4263888888888889 0.60234375 0.4375 0.60859375 0.4527777777777778 0.61015625 0.4652777777777778 0.60859375 0.4861111111111111 0.60546875 0.49722222222222223 0.59765625 0.5111111111111111 0.58828125 0.5166666666666667 0.578125 0.5152777777777777 0.5703125 0.5097222222222222 0.56328125 0.49583333333333335 0.559375 0.4777777777777778 0.56015625 0.4583333333333333 0.56484375 0.44305555555555554 0.575 0.42916666666666664 0.5875 0.4263888888888889
0 0.66484375 0.75 0.67265625 0.7569444444444444 0.678125 0.7680555555555556 0.68046875 0.7777777777777778 0.68046875 0.7972222222222223 0.675 0.8194444444444444 0.66875 0.8291666666666667 0.659375 0.8361111111111111 0.64921875 0.8347222222222223 0.63828125 0.8236111111111111 0.6328125 0.8111111111111111 0.63125 0.7916666666666666 0.63359375 0.775 0.64140625 0.7583333333333333 0.653125 0.7486111111111111 0.6640625 0.75
0 0.4625 0.7652777777777777 0.47109375 0.7722222222222223 0.47734375 0.7833333333333333 0.48125 0.8 0.48125 0.8180555555555555 0.4734375 0.8402777777777778 0.46484375 0.8486111111111111 0.45703125 0.8513888888888889 0.44609375 0.8486111111111111 0.434375 0.8333333333333334 0.43125 0.8222222222222222 0.43046875 0.8 0.43515625 0.7819444444444444 0.44140625 0.7722222222222223 0.45 0.7652777777777777 0.46171875 0.7652777777777777
0 0.60078125 0.8638888888888889 0.60703125 0.8694444444444445 0.6140625 0.8833333333333333 0.61640625 0.8930555555555556 0.61640625 0.9111111111111111 0.61171875 0.9305555555555556 0.60390625 0.9430555555555555 0.59609375 0.9486111111111111 0.58125 0.9458333333333333 0.57421875 0.9375 0.56796875 0.9208333333333333 0.5671875 0.9 0.5703125 0.8833333333333333 0.57734375 0.8708333333333333 0.5875 0.8625 0.6 0.8638888888888889
0 0.73125 0.8513888888888889 0.73828125 0.8569444444444444 0.74453125 0.8680555555555556 0.74765625 0.8805555555555555 0.74765625 0.8986111111111111 0.74296875 0.9180555555555555 0.73671875 0.9291666666666667 0.72890625 0.9361111111111111 0.71796875 0.9361111111111111 0.70703125 0.9263888888888889 0.70078125 0.9111111111111111 0.69921875 0.8916666666666667 0.7015625 0.8763888888888889 0.70859375 0.8611111111111112 0.7203125 0.8513888888888889 0.73046875 0.8513888888888889
0 0.59296875 0.6458333333333334 0.60078125 0.65 0.60703125 0.6583333333333333 0.61171875 0.6708333333333333 0.61328125 0.6916666666666667 0.60859375 0.7152777777777778 0.603125 0.725 0.590625 0.7347222222222223 0.58125 0.7333333333333333 0.57265625 0.725 0.5671875 0.7152777777777778 0.56328125 0.6972222222222222 0.56328125 0.6833333333333333 0.5671875 0.6652777777777777 0.57421875 0.6527777777777778 0.58515625 0.6458333333333334 0.5921875 0.6458333333333334
1 0.5875 0.31666666666666665 0.59921875 0.3263888888888889 0.60546875 0.3388888888888889 0.6078125 0.35138888888888886 0.6078125 0.37083333333333335 0.60546875 0.38333333333333336 0.59921875 0.3972222222222222 0.59296875 0.4041666666666667 0.584375 0.4083333333333333 0.57421875 0.40555555555555556 0.56328125 0.39166666666666666 0.5578125 0.37083333333333335 0.5578125 0.35138888888888886 0.56015625 0.3388888888888889 0.56640625 0.3263888888888889 0.575 0.31805555555555554 0.58671875 0.31666666666666665
1 0.59609375 0.5402777777777777 0.60234375 0.5458333333333333 0.609375 0.5597222222222222 0.6109375 0.5902777777777778 0.609375 0.6 0.60234375 0.6152777777777778 0.59375 0.6236111111111111 0.58671875 0.6263888888888889 0.57734375 0.6236111111111111 0.56640625 0.6097222222222223 0.56171875 0.5916666666666667 0.56171875 0.5694444444444444 0.56640625 0.5541666666666667 0.57734375 0.5388888888888889 0.58828125 0.5361111111111111 0.5953125 0.5402777777777777
1 0.39921875 0.8805555555555555 0.40859375 0.8902777777777777 0.4125 0.8986111111111111 0.415625 0.9125 0.415625 0.9277777777777778 0.4109375 0.9486111111111111 0.40390625 0.9597222222222223 0.39609375 0.9652777777777778 0.38671875 0.9652777777777778 0.37734375 0.9597222222222223 0.371875 0.9527777777777777 0.36640625 0.9388888888888889 0.36484375 0.9166666666666666 0.36796875 0.9 0.3765625 0.8847222222222222 0.38828125 0.8777777777777778 0.3984375 0.8805555555555555
1 0.59375 0.7541666666666667 0.6078125 0.7652777777777777 0.6125 0.7763888888888889 0.61484375 0.7902777777777777 0.6140625 0.8097222222222222 0.6109375 0.8208333333333333 0.60234375 0.8361111111111111 0.59375 0.8416666666666667 0.584375 0.8416666666666667 0.57578125 0.8347222222222223 0.5671875 0.8194444444444444 0.56484375 0.8041666666666667 0.565625 0.7861111111111111 0.56953125 0.7722222222222223 0.57734375 0.7597222222222222 0.59296875 0.7541666666666667
1 0.6609375 0.8569444444444444 0.6734375 0.8652777777777778 0.678125 0.8736111111111111 0.68203125 0.8888888888888888 0.68203125 0.9055555555555556 0.67890625 0.9208333333333333 0.67265625 0.9333333333333333 0.6640625 0.9416666666666667 0.65546875 0.9444444444444444 0.64609375 0.9388888888888889 0.63671875 0.925 0.6328125 0.9 0.634375 0.8861111111111111 0.640625 0.8694444444444445 0.65 0.8597222222222223 0.66015625 0.8569444444444444
1 0.665625 0.6444444444444445 0.6765625 0.6611111111111111 0.67890625 0.675 0.67890625 0.6916666666666667 0.675 0.7097222222222223 0.67109375 0.7180555555555556 0.6640625 0.7263888888888889 0.65625 0.7305555555555555 0.64765625 0.7291666666666666 0.63515625 0.7152777777777778 0.63046875 0.6986111111111111 0.63046875 0.6763888888888889 0.634375 0.6597222222222222 0.640625 0.6486111111111111 0.65390625 0.6402777777777777 0.66484375 0.6444444444444445