0 0.40078125 0.5527777777777778 0.4109375 0.5708333333333333 0.4125 0.5916666666666667 0.41015625 0.6055555555555555 0.40078125 0.6208333333333333 0.39453125 0.625 0.3828125 0.6236111111111111 0.37265625 0.6097222222222223 0.36953125 0.5944444444444444 0.36953125 0.5777777777777777 0.375 0.5597222222222222 0.38125 0.5527777777777778 0.38671875 0.55 0.396875 0.55 0.4 0.5527777777777778
0 0.51171875 0.7402777777777778 0.51953125 0.7569444444444444 0.5203125 0.7819444444444444 0.51640625 0.7944444444444444 0.51015625 0.8055555555555556 0.5046875 0.8097222222222222 0.49375 0.8083333333333333 0.48359375 0.7944444444444444 0.48046875 0.7763888888888889 0.48125 0.7652777777777777 0.484375 0.75 0.490625 0.7402777777777778 0.496875 0.7361111111111112 0.50546875 0.7361111111111112 0.5109375 0.7402777777777778
0 0.50625 0.6444444444444445 0.51328125 0.65 0.51875 0.6611111111111111 0.52109375 0.6708333333333333 0.52109375 0.6861111111111111 0.515625 0.7069444444444445 0.5046875 0.7194444444444444 0.496875 0.7194444444444444 0.4875 0.7097222222222223 0.48203125 0.6930555555555555 0.48203125 0.6722222222222223 0.484375 0.6583333333333333 0.4890625 0.65 0.496875 0.6444444444444445 0.50546875 0.6444444444444445
0 0.51171875 0.46944444444444444 0.51953125 0.4847222222222222 0.521875 0.49583333333333335 0.521875 0.5097222222222222 0.51875 0.5236111111111111 0.51328125 0.5333333333333333 0.50625 0.5388888888888889 0.4953125 0.5375 0.4859375 0.525 0.4828125 0.5138888888888888 0.48203125 0.4930555555555556 0.48515625 0.4791666666666667 0.49140625 0.46944444444444444 0.4984375 0.4652777777777778 0.50546875 0.4652777777777778 0.5109375 0.46944444444444444
0 0.33828125 0.8402777777777778 0.346875 0.8541666666666666 0.34921875 0.8652777777777778 0.34921875 0.8791666666666667 0.3421875 0.9055555555555556 0.3296875 0.9180555555555555 0.31796875 0.9166666666666666 0.3078125 0.9027777777777778 0.30390625 0.8875 0.30390625 0.8708333333333333 0.30703125 0.8555555555555555 0.3140625 0.8430555555555556 0.32265625 0.8375 0.3375 0.8402777777777778
0 0.3390625 0.45416666666666666 0.3515625 0.4666666666666667 0.35546875 0.4777777777777778 0.35625 0.49444444444444446 0.35390625 0.5083333333333333 0.346875 0.5222222222222223 0.3359375 0.5291666666666667 0.32421875 0.525 0.31640625 0.5138888888888888 0.3125 0.4986111111111111 0.3125 0.48333333333333334 0.31953125 0.4625 0.32734375 0.45555555555555555 0.33828125 0.45416666666666666
0 0.4515625 0.37222222222222223 0.4609375 0.37916666666666665 0.46640625 0.3902777777777778 0.46875 0.4013888888888889 0.46875 0.42083333333333334 0.46640625 0.42916666666666664 0.4609375 0.4388888888888889 0.45234375 0.4444444444444444 0.4453125 0.4444444444444444 0.4390625 0.44027777777777777 0.43125 0.4263888888888889 0.42890625 0.41388888888888886 0.42890625 0.3972222222222222 0.43125 0.3875 0.43828125 0.3763888888888889 0.45078125 0.37222222222222223
0 0.27265625 0.8402777777777778 0.2796875 0.8472222222222222 0.2859375 0.8597222222222223 0.28828125 0.8833333333333333 0.28359375 0.9027777777777778 0.27734375 0.9138888888888889 0.2671875 0.9222222222222223 0.25859375 0.9222222222222223 0.2484375 0.9152777777777777 0.240625 0.8958333333333334 0.23984375 0.8763888888888889 0.24375 0.8583333333333333 0.25234375 0.8444444444444444 0.25859375 0.8402777777777778 0.271875 0.8402777777777778
0 0.51015625 0.8319444444444445 0.51640625 0.8402777777777778 0.51953125 0.85 0.5203125 0.8736111111111111 0.5171875 0.8861111111111111 0.5109375 0.8972222222222223 0.5015625 0.9041666666666667 0.49375 0.9027777777777778 0.48359375 0.8902777777777777 0.48046875 0.8777777777777778 0.48046875 0.8597222222222223 0.484375 0.8430555555555556 0.48984375 0.8333333333333334 0.49609375 0.8291666666666667 0.50625 0.8291666666666667 0.509375 0.8319444444444445
0 0.45625 0.7402777777777778 0.46484375 0.7555555555555555 0.46640625 0.7625 0.46640625 0.7833333333333333 0.45859375 0.8041666666666667 0.44765625 0.8138888888888889 0.44140625 0.8138888888888889 0.43515625 0.8097222222222222 0.428125 0.7986111111111112 0.42421875 0.7791666666666667 0.425 0.7652777777777777 0.4296875 0.7486111111111111 0.43828125 0.7388888888888889 0.45234375 0.7375 0.45546875 0.7402777777777778
0 0.39765625 0.8375 0.4046875 0.8472222222222222 0.4078125 0.8569444444444444 0.40859375 0.8791666666666667 0.40390625 0.8958333333333334 0.3984375 0.9055555555555556 0.390625 0.9125 0.3796875 0.9125 0.3734375 0.9069444444444444 0.365625 0.8902777777777777 0.36484375 0.8708333333333333 0.36796875 0.8527777777777777 0.37578125 0.8388888888888889 0.38203125 0.8347222222222223 0.39375 0.8347222222222223 0.396875 0.8375
1 0.44921875 0.46111111111111114 0.45703125 0.4652777777777778 0.4640625 0.475 0.46796875 0.4875 0.46953125 0.5013888888888889 0.46484375 0.5222222222222223 0.45234375 0.5361111111111111 0.44375 0.5361111111111111 0.4359375 0.5291666666666667 0.4296875 0.5166666666666667 0.42734375 0.5 0.4296875 0.4777777777777778 0.43515625 0.46805555555555556 0.4484375 0.46111111111111114
1 0.45 0.8305555555555556 0.4609375 0.8416666666666667 0.46484375 0.8527777777777777 0.46640625 0.8680555555555556 0.4640625 0.8861111111111111 0.4609375 0.8944444444444445 0.453125 0.9055555555555556 0.44609375 0.9097222222222222 0.43515625 0.9069444444444444 0.42734375 0.8958333333333334 0.42421875 0.8847222222222222 0.4234375 0.8652777777777778 0.425 0.8541666666666666 0.43125 0.8388888888888889 0.4375 0.8333333333333334 0.44921875 0.8305555555555556
1 0.4015625 0.46111111111111114 0.4078125 0.46944444444444444 0.4125 0.48333333333333334 0.41328125 0.5055555555555555 0.40703125 0.5222222222222223 0.39453125 0.5333333333333333 0.384375 0.5305555555555556 0.37265625 0.5152777777777777 0.37109375 0.5069444444444444 0.37109375 0.48333333333333334 0.37578125 0.46805555555555556 0.38203125 0.46111111111111114 0.39296875 0.45694444444444443 0.40078125 0.46111111111111114
1 0.5109375 0.5583333333333333 0.515625 0.5638888888888889 0.5203125 0.5777777777777777 0.52109375 0.5986111111111111 0.515625 0.6166666666666667 0.503125 0.6277777777777778 0.4953125 0.6263888888888889 0.4859375 0.6152777777777778 0.48203125 0.6013888888888889 0.48203125 0.5805555555555556 0.48671875 0.5638888888888889 0.49296875 0.5569444444444445 0.50703125 0.5555555555555556 0.51015625 0.5583333333333333
1 0.334375 0.6416666666666667 0.3390625 0.6430555555555556 0.3484375 0.6541666666666667 0.353125 0.6708333333333333 0.35234375 0.6916666666666667 0.34921875 0.7027777777777777 0.3421875 0.7152777777777778 0.33515625 0.7208333333333333 0.325 0.7208333333333333 0.31796875 0.7152777777777778 0.31015625 0.7013888888888888 0.3078125 0.6861111111111111 0.31015625 0.6611111111111111 0.315625 0.65 0.325 0.6430555555555556 0.33359375 0.6416666666666667
1 0.33828125 0.5472222222222223 0.3484375 0.5569444444444445 0.3546875 0.5791666666666667 0.3546875 0.5916666666666667 0.3515625 0.6055555555555555 0.34453125 0.6180555555555556 0.33828125 0.6236111111111111 0.32734375 0.6236111111111111 0.3203125 0.6180555555555556 0.31328125 0.6069444444444444 0.31015625 0.5930555555555556 0.31015625 0.5777777777777777 0.3125 0.5652777777777778 0.3171875 0.5555555555555556 0.325 0.5486111111111112 0.3375 0.5472222222222223
1 0.33359375 0.7388888888888889 0.340625 0.7430555555555556 0.3484375 0.7555555555555555 0.35078125 0.7652777777777777 0.35078125 0.7861111111111111 0.34921875 0.7944444444444444 0.34140625 0.8111111111111111 0.33125 0.8194444444444444 0.32109375 0.8180555555555555 0.3140625 0.8111111111111111 0.309375 0.8027777777777778 0.30546875 0.7819444444444444 0.30703125 0.7638888888888888 0.31484375 0.7458333333333333 0.32265625 0.7402777777777778 0.3328125 0.7388888888888889
1 0.4546875 0.6458333333333334 0.459375 0.65 0.465625 0.6625 0.46796875 0.6819444444444445 0.46640625 0.6944444444444444 0.46171875 0.7083333333333334 0.44921875 0.7208333333333333 0.43828125 0.7194444444444444 0.43046875 0.7083333333333334 0.42578125 0.6916666666666667 0.42578125 0.6736111111111112 0.428125 0.6597222222222222 0.43359375 0.65 0.4453125 0.6430555555555556 0.45390625 0.6458333333333334
1 0.3953125 0.6430555555555556 0.40234375 0.6486111111111111 0.4078125 0.6583333333333333 0.4109375 0.6694444444444444 0.41171875 0.6847222222222222 0.4078125 0.7027777777777777 0.40078125 0.7152777777777778 0.39296875 0.7208333333333333 0.38203125 0.7194444444444444 0.37265625 0.7083333333333334 0.36796875 0.6902777777777778 0.36796875 0.6736111111111112 0.37109375 0.6583333333333333 0.3765625 0.6486111111111111 0.3859375 0.6430555555555556 0.39453125 0.6430555555555556
1 0.44921875 0.5513888888888889 0.459375 0.5583333333333333 0.465625 0.5708333333333333 0.46796875 0.5833333333333334 0.4671875 0.6027777777777777 0.4640625 0.6111111111111112 0.4578125 0.6208333333333333 0.44921875 0.6263888888888889 0.4421875 0.6263888888888889 0.4359375 0.6222222222222222 0.43203125 0.6166666666666667 0.42734375 0.6013888888888889 0.428125 0.5694444444444444 0.434375 0.5583333333333333 0.4484375 0.5513888888888889
1 0.4 0.7416666666666667 0.4078125 0.7555555555555555 0.41015625 0.7680555555555556 0.41015625 0.7833333333333333 0.4078125 0.7944444444444444 0.40078125 0.8083333333333333 0.390625 0.8166666666666667 0.38046875 0.8152777777777778 0.3703125 0.8027777777777778 0.36640625 0.7861111111111111 0.36640625 0.7680555555555556 0.3703125 0.7527777777777778 0.37890625 0.7402777777777778 0.3921875 0.7375 0.39921875 0.7416666666666667