0 0.3828125 0.5194444444444445 0.39375 0.5347222222222222 0.39765625 0.55 0.39765625 0.5708333333333333 0.39375 0.5847222222222223 0.38671875 0.5986111111111111 0.3703125 0.6069444444444444 0.3609375 0.6055555555555555 0.346875 0.5902777777777778 0.34140625 0.5708333333333333 0.3421875 0.5513888888888889 0.346875 0.5333333333333333 0.35859375 0.5180555555555556 0.37109375 0.5138888888888888 0.38203125 0.5194444444444445
0 0.5953125 0.2611111111111111 0.60859375 0.26805555555555555 0.61484375 0.2791666666666667 0.61953125 0.2972222222222222 0.61953125 0.31805555555555554 0.61328125 0.3416666666666667 0.60625 0.3527777777777778 0.5953125 0.3597222222222222 0.584375 0.35833333333333334 0.57734375 0.3527777777777778 0.56796875 0.3347222222222222 0.56640625 0.32222222222222224 0.56796875 0.29583333333333334 0.57265625 0.2791666666666667 0.58515625 0.2638888888888889 0.59453125 0.2611111111111111
0 0.59609375 0.38333333333333336 0.60546875 0.3888888888888889 0.6125 0.4 0.61640625 0.41388888888888886 0.61640625 0.43472222222222223 0.61328125 0.4486111111111111 0.6046875 0.4666666666666667 0.5890625 0.47638888888888886 0.58125 0.475 0.571875 0.4666666666666667 0.565625 0.4513888888888889 0.5640625 0.43194444444444446 0.565625 0.41805555555555557 0.57109375 0.4 0.5828125 0.3861111111111111 0.5953125 0.38333333333333336
0 0.5234375 0.13333333333333333 0.53671875 0.14305555555555555 0.5421875 0.15416666666666667 0.546875 0.17222222222222222 0.546875 0.19583333333333333 0.54296875 0.2125 0.53515625 0.22916666666666666 0.52578125 0.2375 0.51328125 0.2375 0.49921875 0.225 0.49296875 0.20833333333333334 0.490625 0.18611111111111112 0.49296875 0.16527777777777777 0.5015625 0.14583333333333334 0.50859375 0.1375 0.52265625 0.13333333333333333
0 0.51953125 0.2625 0.52578125 0.2638888888888889 0.5359375 0.2722222222222222 0.54296875 0.2861111111111111 0.54609375 0.30277777777777776 0.54609375 0.31666666666666665 0.5390625 0.3458333333333333 0.5328125 0.35555555555555557 0.521875 0.3625 0.51171875 0.3625 0.5015625 0.3541666666666667 0.49453125 0.3402777777777778 0.490625 0.31805555555555554 0.49296875 0.29583333333333334 0.50078125 0.275 0.50859375 0.26666666666666666 0.51875 0.2625
0 0.31484375 0.7513888888888889 0.3265625 0.7708333333333334 0.32890625 0.7833333333333333 0.328125 0.8013888888888889 0.31953125 0.8222222222222222 0.30546875 0.8333333333333334 0.29375 0.8319444444444445 0.2828125 0.8208333333333333 0.27578125 0.8055555555555556 0.275 0.7791666666666667 0.278125 0.7666666666666667 0.2890625 0.7513888888888889 0.296875 0.7472222222222222 0.30703125 0.7472222222222222 0.3140625 0.7513888888888889
0 0.52578125 0.7236111111111111 0.53203125 0.7291666666666666 0.53828125 0.7402777777777778 0.54140625 0.7541666666666667 0.54140625 0.7638888888888888 0.5390625 0.7791666666666667 0.5296875 0.7972222222222223 0.51640625 0.8069444444444445 0.5078125 0.8055555555555556 0.49765625 0.7958333333333333 0.49140625 0.7777777777777778 0.490625 0.7652777777777777 0.49453125 0.7458333333333333 0.5046875 0.7291666666666666 0.515625 0.7222222222222222 0.525 0.7236111111111111
0 0.38125 0.7388888888888889 0.3890625 0.7444444444444445 0.39765625 0.7569444444444444 0.4015625 0.7722222222222223 0.4015625 0.7875 0.39765625 0.8027777777777778 0.390625 0.8152777777777778 0.375 0.825 0.3625 0.8208333333333333 0.35234375 0.8041666666666667 0.3484375 0.7888888888888889 0.3484375 0.7763888888888889 0.3515625 0.7611111111111111 0.35859375 0.7486111111111111 0.36875 0.7402777777777778 0.38046875 0.7388888888888889
0 0.45234375 0.6222222222222222 0.4640625 0.6319444444444444 0.4703125 0.6444444444444445 0.471875 0.6694444444444444 0.46875 0.6861111111111111 0.4609375 0.7 0.44921875 0.7097222222222223 0.4390625 0.7097222222222223 0.4296875 0.7027777777777777 0.4203125 0.6833333333333333 0.41875 0.6625 0.42421875 0.6416666666666667 0.43046875 0.6319444444444444 0.44296875 0.6222222222222222 0.4515625 0.6222222222222222
0 0.521875 0.3861111111111111 0.53359375 0.39305555555555555 0.54140625 0.40555555555555556 0.54453125 0.41944444444444445 0.54453125 0.44166666666666665 0.540625 0.4583333333333333 0.5359375 0.46805555555555556 0.525 0.4791666666666667 0.515625 0.48194444444444445 0.50703125 0.4777777777777778 0.496875 0.4652777777777778 0.49140625 0.44583333333333336 0.49140625 0.4263888888888889 0.49453125 0.4111111111111111 0.5015625 0.3972222222222222 0.51328125 0.3875 0.52109375 0.3861111111111111
1 0.45 0.5097222222222222 0.4609375 0.5180555555555556 0.4671875 0.5291666666666667 0.47109375 0.5430555555555555 0.47109375 0.5611111111111111 0.46796875 0.5763888888888888 0.46015625 0.5916666666666667 0.44765625 0.6 0.4390625 0.6 0.428125 0.5930555555555556 0.42109375 0.5805555555555556 0.41796875 0.5694444444444444 0.4171875 0.55 0.4203125 0.5347222222222222 0.428125 0.5194444444444445 0.43828125 0.5111111111111111 0.44921875 0.5097222222222222
1 0.59609375 0.6111111111111112 0.603125 0.6180555555555556 0.6078125 0.6277777777777778 0.61015625 0.6375 0.61015625 0.6527777777777778 0.60546875 0.6736111111111112 0.59921875 0.6847222222222222 0.5890625 0.6930555555555555 0.57734375 0.6930555555555555 0.56875 0.6861111111111111 0.56171875 0.6694444444444444 0.5609375 0.65 0.56484375 0.6333333333333333 0.57578125 0.6152777777777778 0.584375 0.6097222222222223 0.5953125 0.6111111111111112
1 0.52890625 0.6194444444444445 0.53984375 0.6361111111111111 0.5421875 0.6597222222222222 0.53828125 0.6777777777777778 0.53203125 0.6902777777777778 0.52578125 0.6972222222222222 0.5171875 0.7013888888888888 0.5078125 0.7 0.4984375 0.6916666666666667 0.49140625 0.675 0.490625 0.6569444444444444 0.49375 0.6416666666666667 0.5046875 0.6222222222222222 0.51875 0.6152777777777778 0.528125 0.6194444444444445
1 0.58828125 0.7152777777777778 0.59921875 0.7222222222222222 0.60625 0.7375 0.60703125 0.7611111111111111 0.60234375 0.7777777777777778 0.59140625 0.7930555555555555 0.5765625 0.7958333333333333 0.56484375 0.7861111111111111 0.56015625 0.7736111111111111 0.56015625 0.7486111111111111 0.56640625 0.7319444444444444 0.578125 0.7180555555555556 0.5875 0.7166666666666667
1 0.6578125 0.7083333333333334 0.6671875 0.7166666666666667 0.6703125 0.7236111111111111 0.671875 0.7486111111111111 0.6640625 0.775 0.6484375 0.7875 0.640625 0.7875 0.6328125 0.7805555555555556 0.6265625 0.7652777777777777 0.62578125 0.7486111111111111 0.6296875 0.7319444444444444 0.6390625 0.7152777777777778 0.6484375 0.7083333333333334 0.65703125 0.7083333333333334
1 0.6015625 0.5041666666666667 0.6109375 0.5194444444444445 0.61328125 0.5388888888888889 0.6125 0.5486111111111112 0.60703125 0.5694444444444444 0.59921875 0.5819444444444445 0.590625 0.5875 0.578125 0.5861111111111111 0.5671875 0.5736111111111111 0.56328125 0.5611111111111111 0.56328125 0.5375 0.56796875 0.5194444444444445 0.575 0.5069444444444444 0.58515625 0.5 0.5953125 0.5 0.60078125 0.5041666666666667
1 0.375 0.3958333333333333 0.384375 0.4041666666666667 0.38984375 0.41388888888888886 0.39453125 0.43333333333333335 0.3953125 0.44722222222222224 0.39375 0.4597222222222222 0.38828125 0.475 0.38125 0.4847222222222222 0.37265625 0.49027777777777776 0.359375 0.49027777777777776 0.34765625 0.48055555555555557 0.33984375 0.4625 0.3375 0.4361111111111111 0.34140625 0.41805555555555557 0.34921875 0.4027777777777778 0.36171875 0.39444444444444443 0.37421875 0.3958333333333333
1 0.38515625 0.6347222222222222 0.39609375 0.6513888888888889 0.39921875 0.6666666666666666 0.39921875 0.6791666666666667 0.39765625 0.6888888888888889 0.38984375 0.7055555555555556 0.37734375 0.7166666666666667 0.36328125 0.7152777777777778 0.35234375 0.7041666666666667 0.3453125 0.6847222222222222 0.3453125 0.6652777777777777 0.34765625 0.6527777777777778 0.36171875 0.6333333333333333 0.37734375 0.6305555555555555 0.384375 0.6347222222222222
1 0.5296875 0.5083333333333333 0.540625 0.525 0.54296875 0.5361111111111111 0.54296875 0.5541666666666667 0.53984375 0.5694444444444444 0.5328125 0.5833333333333334 0.51875 0.5944444444444444 0.51171875 0.5944444444444444 0.5 0.5861111111111111 0.4921875 0.5680555555555555 0.49140625 0.5458333333333333 0.496875 0.5236111111111111 0.5046875 0.5111111111111111 0.5140625 0.5055555555555555 0.52578125 0.5055555555555555 0.52890625 0.5083333333333333
1 0.4515625 0.7319444444444444 0.46328125 0.7402777777777778 0.46875 0.75 0.471875 0.7611111111111111 0.471875 0.775 0.4703125 0.7861111111111111 0.46328125 0.8013888888888889 0.44921875 0.8138888888888889 0.43984375 0.8138888888888889 0.42578125 0.8 0.42109375 0.7847222222222222 0.42109375 0.7652777777777777 0.4234375 0.7555555555555555 0.43359375 0.7388888888888889 0.44140625 0.7333333333333333 0.45078125 0.7319444444444444