0 0.59296875 0.4263888888888889 0.603125 0.43333333333333335 0.609375 0.4444444444444444 0.61328125 0.46111111111111114 0.61328125 0.48055555555555557 0.61015625 0.49583333333333335 0.60234375 0.5111111111111111 0.58828125 0.5180555555555556 0.57421875 0.5097222222222222 0.5671875 0.4986111111111111 0.56328125 0.4847222222222222 0.56328125 0.4583333333333333 0.56953125 0.44027777777777777 0.57578125 0.43194444444444446 0.58359375 0.4263888888888889 0.5921875 0.4263888888888889
0 0.534375 0.7638888888888888 0.54296875 0.7722222222222223 0.55 0.7875 0.5515625 0.8152777777777778 0.55 0.8263888888888888 0.540625 0.8444444444444444 0.52890625 0.8513888888888889 0.515625 0.8486111111111111 0.5109375 0.8444444444444444 0.5046875 0.8333333333333334 0.50078125 0.8208333333333333 0.5 0.8027777777777778 0.50390625 0.7847222222222222 0.51484375 0.7666666666666667 0.52265625 0.7625 0.53359375 0.7638888888888888
0 0.54140625 0.8777777777777778 0.55234375 0.8972222222222223 0.55390625 0.9208333333333333 0.55078125 0.9388888888888889 0.54765625 0.9458333333333333 0.540625 0.9555555555555556 0.53203125 0.9611111111111111 0.51875 0.9583333333333334 0.50859375 0.9458333333333333 0.503125 0.9277777777777778 0.503125 0.9027777777777778 0.50859375 0.8888888888888888 0.51875 0.875 0.5328125 0.8722222222222222 0.540625 0.8777777777777778
0 0.59921875 0.8666666666666667 0.60625 0.8694444444444445 0.6125 0.8763888888888889 0.61953125 0.8916666666666667 0.62109375 0.9055555555555556 0.6203125 0.9208333333333333 0.615625 0.9375 0.60703125 0.95 0.5984375 0.9555555555555556 0.58125 0.9486111111111111 0.5734375 0.9347222222222222 0.5703125 0.9208333333333333 0.5703125 0.9027777777777778 0.5734375 0.8875 0.584375 0.8708333333333333 0.5984375 0.8666666666666667
0 0.675 0.8652777777777778 0.684375 0.8819444444444444 0.6875 0.9055555555555556 0.68125 0.9305555555555556 0.67421875 0.9416666666666667 0.66640625 0.9472222222222222 0.653125 0.9458333333333333 0.6421875 0.9319444444444445 0.6375 0.9125 0.63828125 0.8944444444444445 0.64296875 0.8763888888888889 0.6546875 0.8625 0.66875 0.8611111111111112 0.67421875 0.8652777777777778
0 0.59609375 0.6472222222222223 0.60546875 0.6527777777777778 0.61328125 0.6666666666666666 0.6171875 0.6833333333333333 0.6171875 0.6972222222222222 0.6125 0.7180555555555556 0.60546875 0.7305555555555555 0.59375 0.7375 0.58125 0.7347222222222223 0.5703125 0.7180555555555556 0.5671875 0.7055555555555556 0.5671875 0.6819444444444445 0.57109375 0.6666666666666666 0.5765625 0.6569444444444444 0.584375 0.6486111111111111 0.5953125 0.6472222222222223
0 0.66796875 0.5361111111111111 0.67890625 0.5513888888888889 0.68203125 0.5625 0.68203125 0.5833333333333334 0.67890625 0.5986111111111111 0.67265625 0.6125 0.66484375 0.6208333333333333 0.6578125 0.6236111111111111 0.6453125 0.6166666666666667 0.6359375 0.6027777777777777 0.63203125 0.5819444444444445 0.6328125 0.5652777777777778 0.63828125 0.5486111111111112 0.64921875 0.5347222222222222 0.66015625 0.5319444444444444 0.6671875 0.5361111111111111
0 0.39453125 0.7736111111111111 0.40546875 0.7819444444444444 0.41171875 0.7930555555555555 0.41484375 0.8069444444444445 0.41484375 0.8305555555555556 0.4078125 0.85 0.39296875 0.8625 0.38203125 0.8611111111111112 0.37265625 0.8527777777777777 0.365625 0.8388888888888889 0.36328125 0.8263888888888888 0.36328125 0.8125 0.365625 0.7986111111111112 0.37421875 0.7819444444444444 0.38359375 0.7736111111111111 0.39375 0.7736111111111111
0 0.39921875 0.8847222222222222 0.40703125 0.8916666666666667 0.41484375 0.9055555555555556 0.4171875 0.9166666666666666 0.4171875 0.9361111111111111 0.41328125 0.9527777777777777 0.4046875 0.9666666666666667 0.396875 0.9722222222222222 0.3859375 0.9722222222222222 0.37265625 0.9597222222222223 0.365625 0.9361111111111111 0.365625 0.9194444444444444 0.37109375 0.9013888888888889 0.37890625 0.8888888888888888 0.3890625 0.8833333333333333 0.3984375 0.8847222222222222
0 0.73671875 0.7486111111111111 0.74765625 0.7625 0.75078125 0.7763888888888889 0.75078125 0.7944444444444444 0.74765625 0.8125 0.73984375 0.8263888888888888 0.73125 0.8333333333333334 0.7203125 0.8333333333333334 0.7078125 0.8208333333333333 0.70390625 0.8083333333333333 0.70234375 0.7875 0.70625 0.7680555555555556 0.71328125 0.7541666666666667 0.72578125 0.7458333333333333 0.7359375 0.7486111111111111
0 0.46328125 0.6583333333333333 0.471875 0.6666666666666666 0.47890625 0.6805555555555556 0.48125 0.6902777777777778 0.48125 0.7166666666666667 0.47734375 0.7291666666666666 0.46953125 0.7416666666666667 0.45703125 0.7486111111111111 0.44609375 0.7458333333333333 0.434375 0.7291666666666666 0.43125 0.7194444444444444 0.4296875 0.6986111111111111 0.43203125 0.6833333333333333 0.4421875 0.6638888888888889 0.4515625 0.6569444444444444 0.4625 0.6583333333333333
1 0.4671875 0.8791666666666667 0.47734375 0.8888888888888888 0.4828125 0.9 0.48515625 0.9111111111111111 0.48515625 0.9319444444444445 0.48125 0.9486111111111111 0.47578125 0.9583333333333334 0.46328125 0.9680555555555556 0.45703125 0.9680555555555556 0.44296875 0.9569444444444445 0.4359375 0.9388888888888889 0.434375 0.9180555555555555 0.4375 0.9 0.44609375 0.8847222222222222 0.45859375 0.8777777777777778 0.46640625 0.8791666666666667
1 0.4625 0.5486111111111112 0.475 0.5652777777777778 0.47890625 0.5805555555555556 0.4796875 0.5986111111111111 0.4765625 0.6138888888888889 0.47109375 0.6263888888888889 0.4640625 0.6347222222222222 0.4578125 0.6375 0.44453125 0.6347222222222222 0.43203125 0.6180555555555556 0.428125 0.6027777777777777 0.428125 0.5819444444444445 0.43125 0.5666666666666667 0.4421875 0.55 0.44765625 0.5472222222222223 0.46171875 0.5486111111111112
1 0.603125 0.7597222222222222 0.6125 0.7708333333333334 0.615625 0.7791666666666667 0.61875 0.7930555555555555 0.61875 0.8069444444444445 0.6140625 0.8277777777777777 0.60859375 0.8375 0.6 0.8458333333333333 0.5875 0.8458333333333333 0.58125 0.8416666666666667 0.57421875 0.8319444444444445 0.56953125 0.8180555555555555 0.56875 0.7930555555555555 0.57109375 0.7791666666666667 0.58046875 0.7638888888888888 0.58828125 0.7583333333333333 0.60234375 0.7597222222222222
1 0.66640625 0.7527777777777778 0.675 0.7583333333333333 0.6828125 0.7736111111111111 0.68515625 0.7833333333333333 0.68515625 0.8027777777777778 0.6828125 0.8152777777777778 0.67578125 0.8305555555555556 0.66171875 0.8416666666666667 0.65234375 0.8388888888888889 0.63984375 0.8236111111111111 0.6359375 0.8069444444444445 0.6359375 0.7916666666666666 0.63984375 0.7722222222222223 0.646875 0.7597222222222222 0.65546875 0.7527777777777778 0.665625 0.7527777777777778
1 0.66484375 0.425 0.67578125 0.4388888888888889 0.6796875 0.4513888888888889 0.68046875 0.46805555555555556 0.67578125 0.49444444444444446 0.66796875 0.5069444444444444 0.6609375 0.5125 0.64921875 0.5125 0.63984375 0.5041666666666667 0.6328125 0.4888888888888889 0.63046875 0.46111111111111114 0.63359375 0.4444444444444444 0.64296875 0.42777777777777776 0.65078125 0.4222222222222222 0.6609375 0.4222222222222222 0.6640625 0.425
1 0.6640625 0.6430555555555556 0.67265625 0.6486111111111111 0.67890625 0.6583333333333333 0.6828125 0.6708333333333333 0.68359375 0.6944444444444444 0.68046875 0.7083333333333334 0.6734375 0.7236111111111111 0.659375 0.7333333333333333 0.65234375 0.7319444444444444 0.640625 0.7194444444444444 0.6359375 0.7083333333333334 0.63359375 0.6875 0.63671875 0.6666666666666666 0.64296875 0.6527777777777778 0.6546875 0.6430555555555556 0.66328125 0.6430555555555556
1 0.52578125 0.5416666666666666 0.53671875 0.5486111111111112 0.54296875 0.5597222222222222 0.54765625 0.5777777777777777 0.54765625 0.5972222222222222 0.5453125 0.6083333333333333 0.5359375 0.6263888888888889 0.52734375 0.6333333333333333 0.515625 0.6333333333333333 0.5078125 0.6263888888888889 0.50234375 0.6166666666666667 0.496875 0.5972222222222222 0.496875 0.5777777777777777 0.50078125 0.5611111111111111 0.5125 0.5444444444444444 0.525 0.5416666666666666
1 0.459375 0.7680555555555556 0.4671875 0.7708333333333334 0.47421875 0.7777777777777778 0.48046875 0.7902777777777777 0.48359375 0.8069444444444445 0.4828125 0.8277777777777777 0.48046875 0.8361111111111111 0.47265625 0.85 0.46328125 0.8583333333333333 0.453125 0.8583333333333333 0.4453125 0.8527777777777777 0.43515625 0.8347222222222223 0.4328125 0.8222222222222222 0.4328125 0.8013888888888889 0.4375 0.7847222222222222 0.44609375 0.7722222222222223 0.45859375 0.7680555555555556
1 0.603125 0.5430555555555555 0.6125 0.5597222222222222 0.615625 0.5875 0.609375 0.6125 0.603125 0.6222222222222222 0.5953125 0.6277777777777778 0.5828125 0.6263888888888889 0.57265625 0.6166666666666667 0.56640625 0.6013888888888889 0.56484375 0.575 0.5703125 0.5527777777777778 0.58046875 0.5402777777777777 0.59453125 0.5375 0.60234375 0.5430555555555555
1 0.73046875 0.8541666666666666 0.74453125 0.8625 0.75 0.875 0.75234375 0.9 0.746875 0.925 0.73359375 0.9402777777777778 0.72109375 0.9416666666666667 0.71171875 0.9319444444444445 0.70546875 0.9166666666666666 0.7046875 0.8902777777777777 0.70859375 0.8736111111111111 0.71328125 0.8652777777777778 0.7234375 0.8555555555555555 0.7296875 0.8555555555555555
1 0.528125 0.6527777777777778 0.5359375 0.6569444444444444 0.54375 0.6680555555555555 0.55 0.6930555555555555 0.54921875 0.7097222222222223 0.546875 0.7194444444444444 0.5390625 0.7347222222222223 0.52890625 0.7430555555555556 0.51875 0.7430555555555556 0.51171875 0.7388888888888889 0.5015625 0.7208333333333333 0.4984375 0.7041666666666667 0.49921875 0.6847222222222222 0.50390625 0.6694444444444444 0.51484375 0.6555555555555556 0.52734375 0.6527777777777778