0 0.459375 0.8277777777777777 0.465625 0.8347222222222223 0.4703125 0.8458333333333333 0.471875 0.8583333333333333 0.47109375 0.8736111111111111 0.46875 0.8833333333333333 0.4640625 0.8916666666666667 0.45234375 0.9013888888888889 0.44140625 0.9 0.43203125 0.8916666666666667 0.425 0.8736111111111111 0.42421875 0.8583333333333333 0.428125 0.8388888888888889 0.43515625 0.8277777777777777 0.44140625 0.8236111111111111 0.453125 0.8236111111111111 0.45859375 0.8277777777777777
0 0.4515625 0.6222222222222222 0.46015625 0.6277777777777778 0.4671875 0.6388888888888888 0.47109375 0.6527777777777778 0.47109375 0.6694444444444444 0.46953125 0.6819444444444445 0.46640625 0.6902777777777778 0.4546875 0.7027777777777777 0.44609375 0.7055555555555556 0.4359375 0.7 0.42734375 0.6888888888888889 0.4234375 0.6708333333333333 0.4234375 0.6527777777777778 0.428125 0.6361111111111111 0.434375 0.6263888888888889 0.4421875 0.6222222222222222 0.45078125 0.6222222222222222
0 0.58515625 0.625 0.5921875 0.6305555555555555 0.5984375 0.6416666666666667 0.6015625 0.6541666666666667 0.6015625 0.6722222222222223 0.59921875 0.6847222222222222 0.5953125 0.6930555555555555 0.58203125 0.7055555555555556 0.5703125 0.7055555555555556 0.56171875 0.6972222222222222 0.55390625 0.6791666666666667 0.553125 0.6569444444444444 0.55703125 0.6416666666666667 0.5640625 0.6305555555555555 0.5734375 0.6236111111111111 0.584375 0.625
0 0.5265625 0.3055555555555556 0.53359375 0.31527777777777777 0.53828125 0.32916666666666666 0.5390625 0.35555555555555557 0.5359375 0.36944444444444446 0.53203125 0.3763888888888889 0.52734375 0.38333333333333336 0.5171875 0.3902777777777778 0.5046875 0.3875 0.49375 0.3736111111111111 0.4890625 0.35833333333333334 0.48828125 0.3375 0.49453125 0.31527777777777777 0.5046875 0.30277777777777776 0.51640625 0.3 0.52578125 0.3055555555555556
0 0.521875 0.7277777777777777 0.5328125 0.7444444444444445 0.5359375 0.7569444444444444 0.5359375 0.7736111111111111 0.5328125 0.7847222222222222 0.52578125 0.7972222222222223 0.5140625 0.8055555555555556 0.503125 0.8027777777777778 0.496875 0.7972222222222223 0.48984375 0.7833333333333333 0.4875 0.7597222222222222 0.48984375 0.7458333333333333 0.4953125 0.7333333333333333 0.5015625 0.7263888888888889 0.51640625 0.725 0.52109375 0.7277777777777777
0 0.45078125 0.4097222222222222 0.46328125 0.42083333333333334 0.4671875 0.42777777777777776 0.47109375 0.44305555555555554 0.47109375 0.46111111111111114 0.46796875 0.4777777777777778 0.46015625 0.49027777777777776 0.45078125 0.49722222222222223 0.4421875 0.49722222222222223 0.43046875 0.4875 0.42421875 0.475 0.42109375 0.46111111111111114 0.421875 0.44305555555555554 0.428125 0.4222222222222222 0.43828125 0.4111111111111111 0.45 0.4097222222222222
0 0.6546875 0.6291666666666667 0.66171875 0.6375 0.66640625 0.6513888888888889 0.665625 0.6805555555555556 0.6578125 0.6972222222222222 0.6453125 0.7069444444444445 0.634375 0.7055555555555556 0.62578125 0.6972222222222222 0.61953125 0.6805555555555556 0.61875 0.6611111111111111 0.62265625 0.6430555555555556 0.62890625 0.6319444444444444 0.63828125 0.625 0.6484375 0.625 0.65390625 0.6291666666666667
0 0.58203125 0.8263888888888888 0.58828125 0.8305555555555556 0.59609375 0.8430555555555556 0.5984375 0.8555555555555555 0.59765625 0.875 0.59140625 0.8916666666666667 0.58203125 0.9013888888888889 0.57421875 0.9041666666666667 0.5625 0.8986111111111111 0.5546875 0.8861111111111111 0.5515625 0.8569444444444444 0.553125 0.8472222222222222 0.56015625 0.8333333333333334 0.56953125 0.8263888888888888 0.58125 0.8263888888888888
0 0.459375 0.7291666666666666 0.4703125 0.7486111111111111 0.4703125 0.7805555555555556 0.4609375 0.7972222222222223 0.45 0.8041666666666667 0.4390625 0.8013888888888889 0.428125 0.7888888888888889 0.42421875 0.7777777777777778 0.4234375 0.7583333333333333 0.42734375 0.7402777777777778 0.4375 0.7263888888888889 0.45234375 0.7236111111111111 0.45859375 0.7291666666666666
0 0.65 0.8305555555555556 0.6609375 0.8472222222222222 0.6625 0.8708333333333333 0.6578125 0.8888888888888888 0.64453125 0.9041666666666667 0.6328125 0.9041666666666667 0.621875 0.8944444444444445 0.61640625 0.8819444444444444 0.61484375 0.8597222222222223 0.62109375 0.8402777777777778 0.63046875 0.8291666666666667 0.6421875 0.8263888888888888 0.64921875 0.8305555555555556
1 0.584375 0.5194444444444445 0.59140625 0.5236111111111111 0.6 0.5375 0.60234375 0.5472222222222223 0.603125 0.5666666666666667 0.59609375 0.5916666666666667 0.58359375 0.6027777777777777 0.57421875 0.6027777777777777 0.5671875 0.5986111111111111 0.559375 0.5875 0.5546875 0.5722222222222222 0.55546875 0.5458333333333333 0.559375 0.5333333333333333 0.571875 0.5208333333333334 0.58359375 0.5194444444444445
1 0.51953125 0.5194444444444445 0.528125 0.5277777777777778 0.534375 0.5402777777777777 0.5375 0.5680555555555555 0.5328125 0.5861111111111111 0.525 0.5972222222222222 0.51640625 0.6027777777777777 0.50390625 0.6 0.496875 0.5930555555555556 0.4890625 0.5722222222222222 0.48828125 0.5527777777777778 0.49140625 0.5375 0.50078125 0.5222222222222223 0.5109375 0.5180555555555556 0.51875 0.5194444444444445
1 0.45 0.3 0.46015625 0.30694444444444446 0.46796875 0.32083333333333336 0.47109375 0.3347222222222222 0.47109375 0.3527777777777778 0.46796875 0.36944444444444446 0.46328125 0.37777777777777777 0.44921875 0.3888888888888889 0.4421875 0.3888888888888889 0.43203125 0.3819444444444444 0.42421875 0.3680555555555556 0.42109375 0.35555555555555557 0.42109375 0.3375 0.42578125 0.31666666666666665 0.4359375 0.30277777777777776 0.44921875 0.3
1 0.6515625 0.5208333333333334 0.659375 0.5263888888888889 0.66484375 0.5347222222222222 0.66875 0.5513888888888889 0.66875 0.5666666666666667 0.66484375 0.5861111111111111 0.66015625 0.5944444444444444 0.646875 0.6041666666666666 0.6359375 0.6013888888888889 0.6265625 0.5916666666666667 0.62109375 0.5763888888888888 0.6203125 0.5625 0.62265625 0.5444444444444444 0.63046875 0.5277777777777778 0.640625 0.5208333333333334 0.65078125 0.5208333333333334
1 0.4515625 0.5180555555555556 0.4625 0.5277777777777778 0.46796875 0.5388888888888889 0.47109375 0.5527777777777778 0.47109375 0.5680555555555555 0.46796875 0.5819444444444445 0.46171875 0.5930555555555556 0.453125 0.6 0.4421875 0.6 0.43125 0.5916666666666667 0.4265625 0.5833333333333334 0.42265625 0.5666666666666667 0.42421875 0.5416666666666666 0.43203125 0.5236111111111111 0.4390625 0.5180555555555556 0.45078125 0.5180555555555556
1 0.5171875 0.4111111111111111 0.5234375 0.41388888888888886 0.53359375 0.42777777777777776 0.53828125 0.4486111111111111 0.53828125 0.4638888888888889 0.53359375 0.48055555555555557 0.5265625 0.49166666666666664 0.515625 0.4986111111111111 0.5046875 0.49583333333333335 0.49296875 0.48055555555555557 0.4890625 0.4666666666666667 0.48828125 0.44583333333333336 0.49140625 0.43194444444444446 0.49765625 0.41944444444444445 0.50546875 0.4125 0.51640625 0.4111111111111111
1 0.5828125 0.7277777777777777 0.58984375 0.7319444444444444 0.59609375 0.7416666666666667 0.59921875 0.7527777777777778 0.59921875 0.7736111111111111 0.5953125 0.7888888888888889 0.5890625 0.7986111111111112 0.58203125 0.8041666666666667 0.5703125 0.8041666666666667 0.56015625 0.7944444444444444 0.55390625 0.7819444444444444 0.55234375 0.7680555555555556 0.553125 0.7541666666666667 0.56015625 0.7361111111111112 0.5703125 0.7277777777777777 0.58203125 0.7277777777777777
1 0.515625 0.825 0.5234375 0.8291666666666667 0.53046875 0.8402777777777778 0.534375 0.8527777777777777 0.53515625 0.8666666666666667 0.5328125 0.8791666666666667 0.52578125 0.8944444444444445 0.5125 0.9027777777777778 0.5015625 0.8986111111111111 0.49453125 0.8902777777777777 0.48984375 0.8791666666666667 0.4875 0.8625 0.490625 0.8430555555555556 0.49765625 0.8305555555555556 0.50625 0.825 0.51484375 0.825
1 0.65078125 0.7305555555555555 0.6609375 0.7430555555555556 0.6640625 0.7541666666666667 0.6640625 0.7736111111111111 0.6625 0.7833333333333333 0.65546875 0.7972222222222223 0.64453125 0.8055555555555556 0.63515625 0.8055555555555556 0.6234375 0.7958333333333333 0.6171875 0.7777777777777778 0.6171875 0.7597222222222222 0.621875 0.7430555555555556 0.628125 0.7333333333333333 0.63671875 0.7277777777777777 0.646875 0.7277777777777777 0.65 0.7305555555555555
1 0.5203125 0.625 0.5296875 0.6347222222222222 0.53359375 0.6430555555555556 0.5359375 0.6513888888888889 0.53671875 0.6708333333333333 0.5296875 0.6930555555555555 0.51875 0.7041666666666667 0.5078125 0.7041666666666667 0.496875 0.6958333333333333 0.490625 0.6833333333333333 0.4875 0.6569444444444444 0.49296875 0.6388888888888888 0.5015625 0.6263888888888889 0.50703125 0.6236111111111111 0.51953125 0.625