0 0.64453125 0.6625 0.6546875 0.6763888888888889 0.6578125 0.6888888888888889 0.6578125 0.7055555555555556 0.6484375 0.7305555555555555 0.6390625 0.7375 0.62578125 0.7375 0.61484375 0.725 0.6109375 0.7111111111111111 0.61015625 0.6958333333333333 0.61484375 0.675 0.621875 0.6652777777777777 0.63046875 0.6597222222222222 0.64375 0.6625
0 0.51484375 0.3472222222222222 0.5234375 0.3541666666666667 0.52890625 0.3638888888888889 0.5328125 0.37777777777777777 0.53359375 0.39861111111111114 0.53125 0.4111111111111111 0.52421875 0.425 0.51171875 0.43333333333333335 0.49765625 0.4305555555555556 0.4890625 0.41805555555555557 0.48359375 0.39861111111111114 0.48359375 0.37916666666666665 0.4875 0.3625 0.4953125 0.35138888888888886 0.5046875 0.3458333333333333 0.5140625 0.3472222222222222
0 0.57578125 0.7569444444444444 0.58203125 0.7611111111111111 0.58984375 0.7736111111111111 0.5921875 0.7819444444444444 0.59296875 0.7986111111111112 0.59140625 0.8083333333333333 0.58515625 0.8222222222222222 0.57109375 0.8333333333333334 0.5578125 0.8291666666666667 0.5484375 0.8152777777777778 0.5453125 0.8013888888888889 0.5453125 0.7861111111111111 0.54921875 0.7708333333333334 0.55625 0.7611111111111111 0.5671875 0.7555555555555555 0.575 0.7569444444444444
0 0.44296875 0.34444444444444444 0.45703125 0.3541666666666667 0.4640625 0.3680555555555556 0.4671875 0.3819444444444444 0.4671875 0.3972222222222222 0.46328125 0.41388888888888886 0.45703125 0.425 0.44765625 0.43194444444444446 0.4375 0.43194444444444446 0.42890625 0.4263888888888889 0.4203125 0.4111111111111111 0.4171875 0.3958333333333333 0.4171875 0.37777777777777777 0.42109375 0.3611111111111111 0.43203125 0.3472222222222222 0.4421875 0.34444444444444444
0 0.3796875 0.5541666666666667 0.390625 0.5597222222222222 0.39609375 0.5666666666666667 0.4 0.575 0.403125 0.5902777777777778 0.40078125 0.6166666666666667 0.39296875 0.6291666666666667 0.384375 0.6347222222222222 0.37265625 0.6347222222222222 0.36328125 0.6263888888888889 0.35859375 0.6180555555555556 0.35390625 0.5986111111111111 0.3546875 0.5805555555555556 0.35859375 0.5680555555555555 0.36640625 0.5583333333333333 0.37890625 0.5541666666666667
0 0.44609375 0.6555555555555556 0.45703125 0.6625 0.4640625 0.675 0.46796875 0.6916666666666667 0.4671875 0.7055555555555556 0.4640625 0.7166666666666667 0.45703125 0.7277777777777777 0.446875 0.7347222222222223 0.43671875 0.7333333333333333 0.42890625 0.7263888888888889 0.42109375 0.7097222222222223 0.41953125 0.6958333333333333 0.42109375 0.6805555555555556 0.428125 0.6638888888888889 0.43515625 0.6569444444444444 0.4453125 0.6555555555555556
0 0.3859375 0.3486111111111111 0.39765625 0.36666666666666664 0.40078125 0.39305555555555555 0.396875 0.41388888888888886 0.3875 0.42777777777777776 0.38125 0.43194444444444446 0.371875 0.43194444444444446 0.36015625 0.4222222222222222 0.35390625 0.4097222222222222 0.35 0.3875 0.35234375 0.36666666666666664 0.36171875 0.35 0.36953125 0.34444444444444444 0.378125 0.34444444444444444 0.38515625 0.3486111111111111
0 0.39140625 0.7555555555555555 0.39765625 0.7611111111111111 0.40234375 0.7708333333333334 0.4046875 0.7805555555555556 0.4046875 0.7986111111111112 0.4015625 0.8111111111111111 0.396875 0.8194444444444444 0.38515625 0.8277777777777777 0.3734375 0.825 0.3609375 0.8069444444444445 0.35859375 0.7958333333333333 0.35859375 0.7791666666666667 0.36171875 0.7666666666666667 0.37109375 0.7541666666666667 0.38359375 0.7513888888888889 0.390625 0.7555555555555555
0 0.31875 0.75 0.334375 0.7597222222222222 0.33984375 0.7694444444444445 0.34296875 0.7833333333333333 0.34296875 0.7986111111111112 0.3390625 0.8125 0.334375 0.8194444444444444 0.32578125 0.825 0.3171875 0.825 0.30703125 0.8180555555555555 0.3 0.8055555555555556 0.296875 0.7902777777777777 0.296875 0.7763888888888889 0.29921875 0.7652777777777777 0.30625 0.7541666666666667 0.31796875 0.75
0 0.51328125 0.7555555555555555 0.521875 0.7625 0.52734375 0.7722222222222223 0.5296875 0.7847222222222222 0.5296875 0.7986111111111112 0.5234375 0.8208333333333333 0.5171875 0.8277777777777777 0.50859375 0.8319444444444445 0.50234375 0.8319444444444445 0.48984375 0.8208333333333333 0.484375 0.8083333333333333 0.4828125 0.7861111111111111 0.48515625 0.7736111111111111 0.4921875 0.7611111111111111 0.503125 0.7541666666666667 0.5125 0.7555555555555555
0 0.63515625 0.7569444444444444 0.64375 0.7611111111111111 0.65078125 0.7694444444444445 0.6546875 0.7833333333333333 0.6546875 0.8027777777777778 0.646875 0.8236111111111111 0.63984375 0.8305555555555556 0.63046875 0.8333333333333334 0.6234375 0.8319444444444445 0.6125 0.8208333333333333 0.60859375 0.8083333333333333 0.6078125 0.7930555555555555 0.61171875 0.775 0.6171875 0.7652777777777777 0.625 0.7583333333333333 0.634375 0.7569444444444444
1 0.57890625 0.6597222222222222 0.59140625 0.6763888888888889 0.59453125 0.6902777777777778 0.59453125 0.7 0.59296875 0.7125 0.58984375 0.7208333333333333 0.584375 0.7305555555555555 0.57421875 0.7375 0.5671875 0.7375 0.56015625 0.7333333333333333 0.55234375 0.7236111111111111 0.546875 0.7083333333333334 0.546875 0.6902777777777778 0.55 0.6763888888888889 0.55703125 0.6652777777777777 0.5671875 0.6583333333333333 0.578125 0.6597222222222222
1 0.51484375 0.45416666666666666 0.521875 0.4597222222222222 0.52890625 0.4708333333333333 0.5328125 0.49166666666666664 0.5296875 0.5166666666666667 0.52421875 0.5277777777777778 0.51484375 0.5361111111111111 0.50234375 0.5361111111111111 0.49375 0.5291666666666667 0.4859375 0.5152777777777777 0.4828125 0.49722222222222223 0.48515625 0.47638888888888886 0.49140625 0.4625 0.503125 0.4527777777777778 0.5140625 0.45416666666666666
1 0.51484375 0.5583333333333333 0.52421875 0.5666666666666667 0.52890625 0.5763888888888888 0.53125 0.5888888888888889 0.53125 0.6083333333333333 0.52265625 0.6305555555555555 0.5140625 0.6375 0.50234375 0.6375 0.496875 0.6333333333333333 0.48828125 0.6222222222222222 0.48359375 0.6055555555555555 0.48359375 0.5861111111111111 0.48828125 0.5694444444444444 0.5015625 0.5569444444444445 0.5140625 0.5583333333333333
1 0.51796875 0.6611111111111111 0.528125 0.6763888888888889 0.53046875 0.6888888888888889 0.53046875 0.7027777777777777 0.52578125 0.7222222222222222 0.51953125 0.7305555555555555 0.5125 0.7347222222222223 0.50078125 0.7347222222222223 0.48984375 0.7236111111111111 0.48359375 0.7055555555555556 0.48359375 0.6861111111111111 0.48671875 0.6722222222222223 0.49609375 0.6597222222222222 0.51171875 0.6569444444444444 0.5171875 0.6611111111111111
1 0.44453125 0.7527777777777778 0.45859375 0.7611111111111111 0.46484375 0.7736111111111111 0.46796875 0.7902777777777777 0.4671875 0.8027777777777778 0.46328125 0.8152777777777778 0.44921875 0.8291666666666667 0.4421875 0.8291666666666667 0.4296875 0.8208333333333333 0.42421875 0.8097222222222222 0.42109375 0.7958333333333333 0.42109375 0.7819444444444444 0.42421875 0.7680555555555556 0.43125 0.7569444444444444 0.44375 0.7527777777777778
1 0.64375 0.5597222222222222 0.6515625 0.5652777777777778 0.65625 0.5736111111111111 0.6609375 0.5916666666666667 0.6609375 0.6027777777777777 0.65625 0.6236111111111111 0.64921875 0.6347222222222222 0.63984375 0.6402777777777777 0.62734375 0.6375 0.61875 0.6277777777777778 0.61328125 0.6125 0.6125 0.5930555555555556 0.61484375 0.5805555555555556 0.625 0.5638888888888889 0.63125 0.5597222222222222 0.64296875 0.5597222222222222
1 0.44765625 0.4527777777777778 0.453125 0.45555555555555555 0.4609375 0.4666666666666667 0.4671875 0.4888888888888889 0.4671875 0.5041666666666667 0.4640625 0.5180555555555556 0.45625 0.5305555555555556 0.4484375 0.5361111111111111 0.440625 0.5361111111111111 0.42890625 0.5291666666666667 0.42109375 0.5138888888888888 0.41796875 0.49722222222222223 0.41796875 0.48333333333333334 0.4203125 0.4722222222222222 0.4265625 0.4597222222222222 0.4390625 0.4513888888888889 0.446875 0.4527777777777778
1 0.38359375 0.4527777777777778 0.390625 0.4583333333333333 0.3984375 0.4722222222222222 0.4015625 0.4861111111111111 0.4015625 0.5055555555555555 0.3984375 0.5180555555555556 0.39375 0.5263888888888889 0.3828125 0.5347222222222222 0.371875 0.5333333333333333 0.3640625 0.5277777777777778 0.3578125 0.5180555555555556 0.353125 0.5 0.35390625 0.47638888888888886 0.36015625 0.4597222222222222 0.371875 0.4513888888888889 0.3828125 0.4527777777777778
1 0.3828125 0.6541666666666667 0.390625 0.6583333333333333 0.39765625 0.6666666666666666 0.40390625 0.6861111111111111 0.40390625 0.7027777777777777 0.4 0.7180555555555556 0.39296875 0.7291666666666666 0.38359375 0.7333333333333333 0.3734375 0.7305555555555555 0.365625 0.7222222222222222 0.35859375 0.7083333333333334 0.35703125 0.6944444444444444 0.3578125 0.6791666666666667 0.3625 0.6638888888888889 0.37109375 0.6555555555555556 0.38203125 0.6541666666666667
1 0.7078125 0.7638888888888888 0.7140625 0.7736111111111111 0.7171875 0.7833333333333333 0.7171875 0.8027777777777778 0.715625 0.8125 0.709375 0.825 0.6984375 0.8347222222222223 0.6875 0.8333333333333334 0.67734375 0.825 0.671875 0.8111111111111111 0.67109375 0.7930555555555555 0.67421875 0.7777777777777778 0.68515625 0.7625 0.7015625 0.7597222222222222 0.70703125 0.7638888888888888
1 0.44375 0.5555555555555556 0.4578125 0.5638888888888889 0.4640625 0.5763888888888888 0.4671875 0.5902777777777778 0.4671875 0.6069444444444444 0.4640625 0.6194444444444445 0.45625 0.6319444444444444 0.44765625 0.6375 0.4359375 0.6347222222222222 0.4265625 0.6263888888888889 0.421875 0.6166666666666667 0.41953125 0.6027777777777777 0.41953125 0.5833333333333334 0.4234375 0.5694444444444444 0.43203125 0.5583333333333333 0.44296875 0.5555555555555556