0 0.52890625 0.425 0.5359375 0.4305555555555556 0.5421875 0.44166666666666665 0.5453125 0.45555555555555555 0.5453125 0.4708333333333333 0.54140625 0.4875 0.53515625 0.4986111111111111 0.5265625 0.5041666666666667 0.51484375 0.5027777777777778 0.5046875 0.49027777777777776 0.5 0.475 0.49921875 0.45416666666666666 0.5015625 0.4444444444444444 0.51015625 0.42916666666666664 0.51640625 0.425 0.528125 0.425
0 0.4640625 0.5222222222222223 0.4734375 0.5277777777777778 0.48125 0.5388888888888889 0.484375 0.55 0.48515625 0.5638888888888889 0.48125 0.5847222222222223 0.475 0.5958333333333333 0.46171875 0.6041666666666666 0.44921875 0.5972222222222222 0.4421875 0.5861111111111111 0.4390625 0.5722222222222222 0.4390625 0.5555555555555556 0.4421875 0.5402777777777777 0.44609375 0.5319444444444444 0.4546875 0.5236111111111111 0.46328125 0.5222222222222223
0 0.5234375 0.6208333333333333 0.5359375 0.6277777777777778 0.5421875 0.6375 0.5453125 0.65 0.5453125 0.6652777777777777 0.54140625 0.6833333333333333 0.5359375 0.6944444444444444 0.5265625 0.7013888888888888 0.51484375 0.7 0.5078125 0.6930555555555555 0.50234375 0.6833333333333333 0.49921875 0.6680555555555555 0.49921875 0.6527777777777778 0.503125 0.6375 0.51484375 0.6222222222222222 0.52265625 0.6208333333333333
0 0.34296875 0.6194444444444445 0.34921875 0.6222222222222222 0.35859375 0.6333333333333333 0.36328125 0.6486111111111111 0.36328125 0.6652777777777777 0.359375 0.6819444444444445 0.353125 0.6944444444444444 0.34609375 0.7 0.33671875 0.7 0.33046875 0.6958333333333333 0.3234375 0.6861111111111111 0.31953125 0.6722222222222223 0.31953125 0.65 0.3234375 0.6361111111111111 0.33203125 0.6236111111111111 0.3421875 0.6194444444444445
0 0.34609375 0.7194444444444444 0.35234375 0.7236111111111111 0.36015625 0.7361111111111112 0.36328125 0.75 0.36328125 0.7652777777777777 0.359375 0.7819444444444444 0.35390625 0.7916666666666666 0.3453125 0.7986111111111112 0.33125 0.7958333333333333 0.3203125 0.7763888888888889 0.31796875 0.7652777777777777 0.31875 0.7458333333333333 0.328125 0.7263888888888889 0.33515625 0.7194444444444444 0.3453125 0.7194444444444444
0 0.70703125 0.7194444444444444 0.71875 0.7263888888888889 0.725 0.7375 0.728125 0.75 0.728125 0.7708333333333334 0.7203125 0.7916666666666666 0.70625 0.8013888888888889 0.6921875 0.7944444444444444 0.6859375 0.7833333333333333 0.6828125 0.7694444444444445 0.6828125 0.7513888888888889 0.6875 0.7347222222222223 0.696875 0.7222222222222222 0.70625 0.7194444444444444
0 0.46796875 0.7208333333333333 0.475 0.7263888888888889 0.48125 0.7361111111111112 0.484375 0.7472222222222222 0.484375 0.7666666666666667 0.48046875 0.7833333333333333 0.4765625 0.7902777777777777 0.4640625 0.8013888888888889 0.45625 0.8013888888888889 0.44765625 0.7930555555555555 0.4421875 0.7833333333333333 0.4390625 0.7722222222222223 0.4390625 0.7486111111111111 0.4421875 0.7375 0.4484375 0.7263888888888889 0.4578125 0.7194444444444444 0.4671875 0.7208333333333333
1 0.465625 0.425 0.47421875 0.4305555555555556 0.48125 0.44166666666666665 0.484375 0.4527777777777778 0.484375 0.4708333333333333 0.48125 0.4847222222222222 0.4765625 0.49444444444444446 0.46484375 0.5041666666666667 0.45546875 0.5027777777777778 0.44765625 0.49583333333333335 0.4421875 0.4861111111111111 0.4390625 0.4722222222222222 0.4390625 0.46111111111111114 0.4421875 0.44305555555555554 0.453125 0.42777777777777776 0.46484375 0.425
1 0.534375 0.33194444444444443 0.54375 0.35 0.54453125 0.37083333333333335 0.53984375 0.39166666666666666 0.534375 0.4 0.5265625 0.40555555555555556 0.51484375 0.4041666666666667 0.50859375 0.3972222222222222 0.5015625 0.3819444444444444 0.5 0.35833333333333334 0.50390625 0.34305555555555556 0.5140625 0.32916666666666666 0.52421875 0.3263888888888889 0.53359375 0.33194444444444443
1 0.534375 0.5277777777777778 0.54140625 0.5388888888888889 0.54375 0.5472222222222223 0.54453125 0.5708333333333333 0.53828125 0.5916666666666667 0.53359375 0.5986111111111111 0.5265625 0.6027777777777777 0.5171875 0.6027777777777777 0.5078125 0.5944444444444444 0.50078125 0.5777777777777777 0.49921875 0.5597222222222222 0.5015625 0.5444444444444444 0.51171875 0.5263888888888889 0.528125 0.5236111111111111 0.53359375 0.5277777777777778
1 0.46328125 0.6208333333333333 0.47578125 0.6291666666666667 0.48125 0.6388888888888888 0.484375 0.6541666666666667 0.48359375 0.6736111111111112 0.48046875 0.6847222222222222 0.4734375 0.6958333333333333 0.465625 0.7013888888888888 0.45625 0.7013888888888888 0.44921875 0.6958333333333333 0.4421875 0.6847222222222222 0.4390625 0.6708333333333333 0.43984375 0.65 0.44453125 0.6347222222222222 0.453125 0.6236111111111111 0.4625 0.6208333333333333
1 0.52734375 0.7208333333333333 0.53515625 0.7263888888888889 0.540625 0.7347222222222223 0.54453125 0.7486111111111111 0.5453125 0.7652777777777777 0.53984375 0.7861111111111111 0.53359375 0.7958333333333333 0.525 0.8013888888888889 0.51328125 0.7986111111111112 0.50390625 0.7861111111111111 0.5 0.7680555555555556 0.5 0.75 0.50390625 0.7361111111111112 0.51015625 0.7263888888888889 0.51796875 0.7208333333333333 0.5265625 0.7208333333333333
1 0.703125 0.6208333333333333 0.71328125 0.6236111111111111 0.72421875 0.6388888888888888 0.72734375 0.6513888888888889 0.72734375 0.6722222222222223 0.72421875 0.6833333333333333 0.71328125 0.6986111111111111 0.7015625 0.7013888888888888 0.6921875 0.6944444444444444 0.68515625 0.6819444444444445 0.6828125 0.6708333333333333 0.6828125 0.6527777777777778 0.68515625 0.6416666666666667 0.6953125 0.625 0.70234375 0.6222222222222222