0 0.49921875 0.5638888888888889 0.50859375 0.5708333333333333 0.515625 0.5819444444444445 0.51953125 0.6013888888888889 0.51875 0.6236111111111111 0.515625 0.6333333333333333 0.50625 0.6472222222222223 0.49921875 0.6513888888888889 0.490625 0.6513888888888889 0.48125 0.6444444444444445 0.4734375 0.6319444444444444 0.46953125 0.6138888888888889 0.46953125 0.6 0.471875 0.5861111111111111 0.47734375 0.5736111111111111 0.48515625 0.5652777777777778 0.4984375 0.5638888888888889
0 0.4984375 0.7791666666666667 0.50703125 0.7847222222222222 0.51328125 0.7930555555555555 0.51875 0.8083333333333333 0.5203125 0.8208333333333333 0.51953125 0.8347222222222223 0.51484375 0.8513888888888889 0.50859375 0.8625 0.4984375 0.8694444444444445 0.48671875 0.8680555555555556 0.4796875 0.8611111111111112 0.47265625 0.8486111111111111 0.4703125 0.8361111111111111 0.4703125 0.8097222222222222 0.4734375 0.7986111111111112 0.48046875 0.7861111111111111 0.490625 0.7791666666666667 0.49765625 0.7791666666666667
0 0.56484375 0.6708333333333333 0.575 0.6777777777777778 0.58125 0.6875 0.584375 0.6972222222222222 0.5859375 0.7152777777777778 0.58359375 0.7347222222222223 0.578125 0.7486111111111111 0.5703125 0.7569444444444444 0.5609375 0.7611111111111111 0.55546875 0.7597222222222222 0.5421875 0.7458333333333333 0.5359375 0.7236111111111111 0.5359375 0.7097222222222223 0.53984375 0.6902777777777778 0.5453125 0.6791666666666667 0.553125 0.6722222222222223 0.5640625 0.6708333333333333
0 0.4296875 0.7791666666666667 0.43671875 0.7819444444444444 0.4453125 0.7916666666666666 0.45 0.8013888888888889 0.45390625 0.8208333333333333 0.453125 0.8361111111111111 0.45 0.8486111111111111 0.4421875 0.8625 0.4328125 0.8694444444444445 0.42421875 0.8694444444444445 0.41484375 0.8638888888888889 0.40703125 0.85 0.403125 0.8333333333333334 0.403125 0.8152777777777778 0.40703125 0.7972222222222223 0.41796875 0.7819444444444444 0.42890625 0.7791666666666667
0 0.296875 0.7791666666666667 0.303125 0.7819444444444444 0.31328125 0.7930555555555555 0.31953125 0.8111111111111111 0.31953125 0.8305555555555556 0.31640625 0.8486111111111111 0.31015625 0.8611111111111112 0.30078125 0.8680555555555556 0.2890625 0.8680555555555556 0.28125 0.8625 0.271875 0.8430555555555556 0.2703125 0.8263888888888888 0.27109375 0.8097222222222222 0.275 0.7958333333333333 0.2828125 0.7847222222222222 0.29609375 0.7791666666666667
0 0.63359375 0.7791666666666667 0.6421875 0.7861111111111111 0.65 0.8013888888888889 0.65234375 0.8125 0.65234375 0.8319444444444445 0.64765625 0.8541666666666666 0.64375 0.8611111111111112 0.63046875 0.8708333333333333 0.6203125 0.8680555555555556 0.6125 0.8611111111111112 0.6078125 0.8527777777777777 0.603125 0.8319444444444445 0.603125 0.8166666666666667 0.60625 0.8 0.61328125 0.7861111111111111 0.62265625 0.7791666666666667 0.6328125 0.7791666666666667
1 0.49921875 0.4583333333333333 0.50859375 0.4652777777777778 0.515625 0.47638888888888886 0.51953125 0.5013888888888889 0.51875 0.5138888888888888 0.5140625 0.5277777777777778 0.509375 0.5361111111111111 0.49765625 0.5444444444444444 0.484375 0.5402777777777777 0.47734375 0.5305555555555556 0.47109375 0.5152777777777777 0.4703125 0.49583333333333335 0.47265625 0.4777777777777778 0.478125 0.4666666666666667 0.48828125 0.4583333333333333 0.4984375 0.4583333333333333
1 0.56953125 0.7819444444444444 0.58125 0.7972222222222223 0.58515625 0.8111111111111111 0.5859375 0.8305555555555556 0.58203125 0.85 0.575 0.8625 0.565625 0.8694444444444445 0.55390625 0.8680555555555556 0.54765625 0.8625 0.53984375 0.8486111111111111 0.53671875 0.8319444444444445 0.53671875 0.8125 0.54140625 0.7958333333333333 0.54765625 0.7861111111111111 0.55859375 0.7791666666666667 0.56875 0.7819444444444444
1 0.49453125 0.6708333333333333 0.50703125 0.6777777777777778 0.515625 0.6916666666666667 0.51796875 0.7 0.51953125 0.7222222222222222 0.5140625 0.7444444444444445 0.5046875 0.7569444444444444 0.490625 0.7597222222222222 0.48046875 0.7513888888888889 0.4734375 0.7375 0.4703125 0.7263888888888889 0.4703125 0.7055555555555556 0.4734375 0.6916666666666667 0.48359375 0.675 0.49375 0.6722222222222223
1 0.56484375 0.5638888888888889 0.575 0.5722222222222222 0.58125 0.5819444444444445 0.584375 0.5944444444444444 0.58515625 0.6152777777777778 0.58125 0.6319444444444444 0.5765625 0.6416666666666667 0.5640625 0.6513888888888889 0.55390625 0.65 0.54453125 0.6402777777777777 0.53984375 0.6305555555555555 0.5359375 0.6111111111111112 0.5375 0.5902777777777778 0.54609375 0.5708333333333333 0.553125 0.5652777777777778 0.5640625 0.5638888888888889
1 0.36640625 0.7805555555555556 0.375 0.7875 0.38359375 0.8027777777777778 0.3859375 0.8138888888888889 0.3859375 0.8347222222222223 0.3828125 0.85 0.37890625 0.8583333333333333 0.371875 0.8666666666666667 0.3640625 0.8708333333333333 0.35234375 0.8666666666666667 0.34375 0.8555555555555555 0.3375 0.8361111111111111 0.33671875 0.8166666666666667 0.340625 0.7986111111111112 0.34609375 0.7888888888888889 0.35546875 0.7805555555555556 0.365625 0.7805555555555556
1 0.43671875 0.6736111111111112 0.44609375 0.6847222222222222 0.45 0.6944444444444444 0.45234375 0.7041666666666667 0.453125 0.725 0.45 0.7402777777777778 0.44296875 0.7527777777777778 0.42890625 0.7611111111111111 0.42265625 0.7597222222222222 0.41484375 0.7527777777777778 0.409375 0.7430555555555556 0.4046875 0.7277777777777777 0.40390625 0.7055555555555556 0.4078125 0.6888888888888889 0.41484375 0.6777777777777778 0.421875 0.6722222222222223 0.4359375 0.6736111111111112