1 0.425 0.4027777777777778 0.4359375 0.4097222222222222 0.4421875 0.4236111111111111 0.44375 0.43333333333333335 0.44296875 0.4486111111111111 0.43984375 0.4597222222222222 0.4328125 0.4708333333333333 0.42578125 0.475 0.415625 0.4736111111111111 0.4109375 0.46944444444444444 0.40546875 0.4597222222222222 0.40234375 0.44722222222222224 0.40234375 0.42916666666666664 0.40546875 0.41805555555555557 0.41484375 0.40555555555555556 0.42421875 0.4027777777777778
1 0.6484375 0.22916666666666666 0.6578125 0.24166666666666667 0.6609375 0.25416666666666665 0.6609375 0.2722222222222222 0.65234375 0.29305555555555557 0.64453125 0.3 0.634375 0.3 0.6265625 0.29305555555555557 0.61953125 0.2763888888888889 0.61953125 0.25555555555555554 0.621875 0.24583333333333332 0.62890625 0.23333333333333334 0.63671875 0.22777777777777777 0.64765625 0.22916666666666666
1 0.590625 0.22777777777777777 0.59765625 0.23333333333333334 0.6046875 0.24583333333333332 0.60625 0.2708333333333333 0.603125 0.2833333333333333 0.5953125 0.29583333333333334 0.58984375 0.3 0.58046875 0.3 0.5734375 0.29444444444444445 0.5671875 0.2833333333333333 0.56484375 0.2722222222222222 0.565625 0.25277777777777777 0.56953125 0.24027777777777778 0.57890625 0.22916666666666666 0.58984375 0.22777777777777777
1 0.5328125 0.2263888888888889 0.5453125 0.2361111111111111 0.5515625 0.25277777777777777 0.5515625 0.2722222222222222 0.54765625 0.2861111111111111 0.534375 0.3 0.521875 0.2972222222222222 0.5140625 0.2847222222222222 0.5109375 0.275 0.5109375 0.25555555555555554 0.51484375 0.24027777777777778 0.52265625 0.23055555555555557 0.53203125 0.2263888888888889
1 0.5359375 0.49166666666666664 0.54453125 0.5 0.55 0.5125 0.55078125 0.5375 0.54296875 0.5569444444444445 0.53203125 0.5652777777777778 0.5234375 0.5638888888888889 0.5140625 0.5513888888888889 0.51015625 0.5388888888888889 0.51015625 0.5152777777777777 0.51875 0.49722222222222223 0.5265625 0.49166666666666664 0.53515625 0.49166666666666664
1 0.59453125 0.49444444444444446 0.6015625 0.5055555555555555 0.6046875 0.5152777777777777 0.60546875 0.5361111111111111 0.603125 0.5458333333333333 0.5953125 0.5597222222222222 0.5859375 0.5652777777777778 0.57734375 0.5638888888888889 0.56640625 0.5486111111111112 0.5640625 0.5402777777777777 0.5640625 0.5180555555555556 0.56640625 0.5083333333333333 0.5765625 0.49444444444444446 0.58359375 0.49166666666666664 0.59375 0.49444444444444446
1 0.378125 0.40555555555555556 0.38671875 0.41805555555555557 0.3890625 0.42916666666666664 0.3890625 0.4444444444444444 0.38515625 0.46111111111111114 0.38125 0.46805555555555556 0.37265625 0.475 0.3625 0.4736111111111111 0.35625 0.46805555555555556 0.35078125 0.45555555555555555 0.3484375 0.43472222222222223 0.3515625 0.42083333333333334 0.359375 0.40694444444444444 0.365625 0.4027777777777778 0.37734375 0.40555555555555556
1 0.64453125 0.4041666666666667 0.6515625 0.4097222222222222 0.6578125 0.42083333333333334 0.6609375 0.44583333333333336 0.65546875 0.4638888888888889 0.64375 0.47638888888888886 0.63515625 0.47638888888888886 0.62578125 0.46944444444444444 0.62109375 0.46111111111111114 0.61875 0.4513888888888889 0.61953125 0.42777777777777776 0.62265625 0.41805555555555557 0.63359375 0.40555555555555556 0.64375 0.4041666666666667
1 0.4796875 0.5777777777777777 0.4875 0.5833333333333334 0.49453125 0.5958333333333333 0.496875 0.6194444444444445 0.49453125 0.6319444444444444 0.4890625 0.6430555555555556 0.47734375 0.6513888888888889 0.465625 0.6472222222222223 0.46015625 0.6388888888888888 0.45625 0.6277777777777778 0.45546875 0.6097222222222223 0.45703125 0.5986111111111111 0.46328125 0.5861111111111111 0.4703125 0.5791666666666667 0.47890625 0.5777777777777777
1 0.5328125 0.31527777777777777 0.54375 0.32222222222222224 0.55 0.3333333333333333 0.5515625 0.3597222222222222 0.5453125 0.37777777777777777 0.53984375 0.38472222222222224 0.5296875 0.3888888888888889 0.521875 0.3861111111111111 0.5140625 0.3763888888888889 0.51171875 0.36944444444444446 0.51015625 0.3486111111111111 0.5125 0.3347222222222222 0.51796875 0.3236111111111111 0.53203125 0.31527777777777777
1 0.42734375 0.5777777777777777 0.4328125 0.5819444444444445 0.43984375 0.5930555555555556 0.44296875 0.6083333333333333 0.44296875 0.6180555555555556 0.43984375 0.6333333333333333 0.43515625 0.6416666666666667 0.421875 0.6513888888888889 0.41484375 0.65 0.40703125 0.6402777777777777 0.40234375 0.625 0.4015625 0.6055555555555555 0.40546875 0.5916666666666667 0.4125 0.5819444444444445 0.41796875 0.5777777777777777 0.4265625 0.5777777777777777
1 0.59140625 0.5805555555555556 0.60234375 0.5958333333333333 0.60546875 0.6180555555555556 0.603125 0.6333333333333333 0.6 0.6402777777777777 0.59375 0.6486111111111111 0.58515625 0.6541666666666667 0.578125 0.6527777777777778 0.5671875 0.6388888888888888 0.5640625 0.6277777777777778 0.5640625 0.6055555555555555 0.56875 0.5916666666666667 0.5734375 0.5847222222222223 0.584375 0.5791666666666667 0.590625 0.5805555555555556
1 0.53671875 0.6680555555555555 0.546875 0.6819444444444445 0.55 0.6916666666666667 0.55078125 0.7055555555555556 0.546875 0.7236111111111111 0.53984375 0.7347222222222223 0.53359375 0.7388888888888889 0.525 0.7388888888888889 0.515625 0.7305555555555555 0.5109375 0.7208333333333333 0.509375 0.6972222222222222 0.51171875 0.6847222222222222 0.51875 0.6722222222222223 0.528125 0.6666666666666666 0.5359375 0.6680555555555555
1 0.590625 0.4041666666666667 0.5953125 0.40694444444444444 0.60234375 0.41805555555555557 0.60546875 0.4305555555555556 0.60546875 0.45 0.59921875 0.4666666666666667 0.5890625 0.47638888888888886 0.58046875 0.47638888888888886 0.571875 0.46944444444444444 0.56640625 0.4597222222222222 0.5640625 0.4486111111111111 0.5640625 0.43472222222222223 0.57109375 0.4125 0.58125 0.4041666666666667 0.58984375 0.4041666666666667
1 0.42578125 0.22777777777777777 0.4328125 0.23055555555555557 0.4390625 0.2375 0.44375 0.2569444444444444 0.44296875 0.27361111111111114 0.4390625 0.2875 0.42578125 0.3 0.4140625 0.2972222222222222 0.40703125 0.2875 0.403125 0.275 0.403125 0.25416666666666665 0.40703125 0.24166666666666667 0.41796875 0.22916666666666666 0.425 0.22777777777777777
1 0.47890625 0.4027777777777778 0.490625 0.4111111111111111 0.496875 0.42916666666666664 0.496875 0.44722222222222224 0.49453125 0.4583333333333333 0.49140625 0.4652777777777778 0.48046875 0.475 0.4703125 0.475 0.46328125 0.46944444444444444 0.45703125 0.45416666666666666 0.45546875 0.4388888888888889 0.45625 0.42777777777777776 0.4625 0.4125 0.47109375 0.4041666666666667 0.478125 0.4027777777777778
1 0.7015625 0.49444444444444446 0.70625 0.4986111111111111 0.7125 0.5111111111111111 0.7140625 0.5166666666666667 0.7140625 0.5375 0.7109375 0.55 0.70703125 0.5569444444444445 0.696875 0.5652777777777778 0.68671875 0.5638888888888889 0.67734375 0.5527777777777778 0.6734375 0.5375 0.6734375 0.5208333333333334 0.6765625 0.5083333333333333 0.68359375 0.49722222222222223 0.68984375 0.4930555555555556 0.70078125 0.49444444444444446
1 0.69765625 0.6694444444444444 0.7046875 0.6736111111111112 0.71015625 0.6819444444444445 0.71328125 0.6916666666666667 0.7140625 0.7111111111111111 0.7109375 0.7263888888888889 0.70703125 0.7333333333333333 0.69609375 0.7416666666666667 0.684375 0.7388888888888889 0.67578125 0.7277777777777777 0.67265625 0.7152777777777778 0.67265625 0.6972222222222222 0.6796875 0.6777777777777778 0.6875 0.6708333333333333 0.696875 0.6694444444444444
1 0.64453125 0.5805555555555556 0.65 0.5847222222222223 0.6578125 0.6 0.659375 0.6236111111111111 0.65546875 0.6388888888888888 0.64765625 0.65 0.64296875 0.6527777777777778 0.63125 0.6513888888888889 0.621875 0.6388888888888888 0.61875 0.6277777777777778 0.61875 0.6055555555555555 0.621875 0.5944444444444444 0.62890625 0.5847222222222223 0.63515625 0.5805555555555556 0.64375 0.5805555555555556
1 0.70234375 0.31805555555555554 0.70703125 0.32222222222222224 0.7140625 0.33611111111111114 0.715625 0.35833333333333334 0.71328125 0.36944444444444446 0.70625 0.3819444444444444 0.69375 0.3888888888888889 0.68828125 0.3875 0.678125 0.3763888888888889 0.67421875 0.3638888888888889 0.67421875 0.3416666666666667 0.678125 0.32916666666666666 0.6859375 0.3194444444444444 0.6921875 0.31666666666666665 0.7015625 0.31805555555555554
0 0.6484375 0.31666666666666665 0.6578125 0.33055555555555555 0.6609375 0.34444444444444444 0.6609375 0.3597222222222222 0.6578125 0.37222222222222223 0.65390625 0.37916666666666665 0.64375 0.3888888888888889 0.6328125 0.3875 0.6234375 0.3763888888888889 0.61953125 0.3638888888888889 0.61875 0.3486111111111111 0.621875 0.33194444444444443 0.6296875 0.3194444444444444 0.63671875 0.31527777777777777 0.64765625 0.31666666666666665
0 0.59453125 0.31805555555555554 0.603125 0.33055555555555555 0.60625 0.34444444444444444 0.60625 0.3597222222222222 0.60234375 0.3736111111111111 0.59609375 0.38333333333333336 0.58828125 0.3888888888888889 0.57890625 0.3875 0.571875 0.38055555555555554 0.56640625 0.36944444444444446 0.5640625 0.35138888888888886 0.56640625 0.3347222222222222 0.57265625 0.32222222222222224 0.58203125 0.31527777777777777 0.59375 0.31805555555555554
0 0.6484375 0.49444444444444446 0.6578125 0.5083333333333333 0.6609375 0.5291666666666667 0.6578125 0.5472222222222223 0.6515625 0.5583333333333333 0.6421875 0.5652777777777778 0.63203125 0.5638888888888889 0.625 0.5569444444444445 0.61875 0.5402777777777777 0.61796875 0.5263888888888889 0.61953125 0.5138888888888888 0.62890625 0.49722222222222223 0.6390625 0.49166666666666664 0.64765625 0.49444444444444446
0 0.5359375 0.5791666666666667 0.54453125 0.5875 0.5484375 0.5958333333333333 0.55078125 0.6069444444444444 0.55078125 0.625 0.54375 0.6430555555555556 0.53125 0.6527777777777778 0.525 0.6513888888888889 0.5140625 0.6388888888888888 0.51015625 0.6263888888888889 0.51015625 0.6055555555555555 0.51171875 0.5972222222222222 0.51875 0.5847222222222223 0.52578125 0.5791666666666667 0.53515625 0.5791666666666667
0 0.4859375 0.23055555555555557 0.49453125 0.24166666666666667 0.49765625 0.25416666666666665 0.49765625 0.2708333333333333 0.49453125 0.2847222222222222 0.484375 0.2972222222222222 0.47890625 0.3 0.4703125 0.2986111111111111 0.459375 0.2833333333333333 0.45703125 0.2722222222222222 0.45703125 0.25555555555555554 0.46171875 0.2388888888888889 0.46640625 0.23194444444444445 0.47578125 0.2263888888888889 0.48515625 0.23055555555555557
0 0.37421875 0.5777777777777777 0.37890625 0.5805555555555556 0.3859375 0.5916666666666667 0.3890625 0.6069444444444444 0.3890625 0.6194444444444445 0.38671875 0.6319444444444444 0.38203125 0.6402777777777777 0.37265625 0.6486111111111111 0.3609375 0.6472222222222223 0.3546875 0.6402777777777777 0.3515625 0.6333333333333333 0.34921875 0.6194444444444445 0.34921875 0.6041666666666666 0.3515625 0.5930555555555556 0.35859375 0.5805555555555556 0.3671875 0.5763888888888888 0.3734375 0.5777777777777777
0 0.48203125 0.31527777777777777 0.4890625 0.32083333333333336 0.4953125 0.33194444444444443 0.49765625 0.35833333333333334 0.4953125 0.37083333333333335 0.48828125 0.3819444444444444 0.48125 0.3875 0.47109375 0.3875 0.46484375 0.3819444444444444 0.45625 0.3625 0.45625 0.34444444444444444 0.459375 0.33194444444444443 0.47109375 0.31666666666666665 0.48125 0.31527777777777777
0 0.428125 0.49027777777777776 0.43515625 0.49583333333333335 0.440625 0.5055555555555555 0.44375 0.5291666666666667 0.43984375 0.5486111111111112 0.42578125 0.5625 0.4171875 0.5625 0.40703125 0.5513888888888889 0.40234375 0.5347222222222222 0.40234375 0.5152777777777777 0.4109375 0.49583333333333335 0.41875 0.49027777777777776 0.42734375 0.49027777777777776
0 0.37421875 0.6652777777777777 0.3796875 0.6694444444444444 0.38671875 0.6819444444444445 0.38828125 0.6888888888888889 0.38828125 0.7111111111111111 0.3828125 0.7263888888888889 0.37265625 0.7361111111111112 0.36171875 0.7347222222222223 0.353125 0.7236111111111111 0.3484375 0.7083333333333334 0.34765625 0.6972222222222222 0.35078125 0.6819444444444445 0.35546875 0.6722222222222223 0.365625 0.6638888888888889 0.3734375 0.6652777777777777
0 0.5953125 0.6722222222222223 0.603125 0.6861111111111111 0.60546875 0.7097222222222223 0.60234375 0.7236111111111111 0.59765625 0.7319444444444444 0.590625 0.7388888888888889 0.58515625 0.7402777777777778 0.5765625 0.7375 0.56640625 0.7236111111111111 0.5640625 0.7152777777777778 0.5640625 0.6930555555555555 0.56640625 0.6847222222222222 0.57734375 0.6694444444444444 0.590625 0.6680555555555555 0.59453125 0.6722222222222223
0 0.696875 0.4041666666666667 0.70390625 0.40694444444444444 0.7109375 0.4166666666666667 0.7140625 0.425 0.715625 0.44166666666666665 0.71171875 0.46111111111111114 0.70703125 0.46944444444444444 0.69609375 0.47638888888888886 0.68828125 0.475 0.68125 0.46944444444444444 0.678125 0.4652777777777778 0.6734375 0.45 0.6734375 0.43333333333333335 0.6765625 0.42083333333333334 0.68203125 0.4111111111111111 0.68828125 0.40555555555555556 0.69609375 0.4041666666666667
0 0.43046875 0.6680555555555555 0.43515625 0.6722222222222223 0.44140625 0.6861111111111111 0.4421875 0.7125 0.4390625 0.7236111111111111 0.434375 0.7305555555555555 0.425 0.7375 0.41484375 0.7347222222222223 0.40546875 0.7222222222222222 0.40234375 0.7097222222222223 0.40234375 0.6916666666666667 0.40390625 0.6819444444444445 0.415625 0.6666666666666666 0.4265625 0.6652777777777777 0.4296875 0.6680555555555555
0 0.7 0.5819444444444445 0.70703125 0.5875 0.7125 0.5986111111111111 0.71484375 0.6194444444444445 0.71328125 0.6319444444444444 0.71015625 0.6402777777777777 0.69765625 0.6527777777777778 0.68984375 0.6527777777777778 0.68125 0.6472222222222223 0.67421875 0.6333333333333333 0.67265625 0.6125 0.6765625 0.5958333333333333 0.6828125 0.5861111111111111 0.69140625 0.5805555555555556 0.69921875 0.5819444444444445
0 0.4328125 0.31805555555555554 0.4421875 0.3347222222222222 0.44375 0.34305555555555556 0.44296875 0.3625 0.43515625 0.38055555555555554 0.4265625 0.3875 0.41484375 0.3861111111111111 0.40546875 0.37222222222222223 0.40234375 0.35694444444444445 0.40234375 0.34305555555555556 0.40390625 0.3347222222222222 0.41640625 0.31666666666666665 0.42890625 0.31527777777777777 0.43203125 0.31805555555555554
0 0.53671875 0.4041666666666667 0.54140625 0.40694444444444444 0.54765625 0.4166666666666667 0.5515625 0.43194444444444446 0.5515625 0.44722222222222224 0.54921875 0.4583333333333333 0.54296875 0.46944444444444444 0.5328125 0.47638888888888886 0.525 0.475 0.5171875 0.46805555555555556 0.51171875 0.45694444444444443 0.51015625 0.4361111111111111 0.5125 0.4222222222222222 0.51796875 0.4111111111111111 0.52578125 0.4041666666666667 0.5359375 0.4041666666666667
0 0.484375 0.4930555555555556 0.49453125 0.5069444444444444 0.496875 0.5166666666666667 0.49765625 0.5333333333333333 0.49453125 0.5472222222222223 0.490625 0.5541666666666667 0.478125 0.5638888888888889 0.4703125 0.5625 0.459375 0.5486111111111112 0.45625 0.5388888888888889 0.45625 0.5138888888888888 0.459375 0.5041666666666667 0.46640625 0.49444444444444446 0.4734375 0.49027777777777776 0.48359375 0.4930555555555556
0 0.3765625 0.49166666666666664 0.3828125 0.49722222222222223 0.38671875 0.5055555555555555 0.3890625 0.5152777777777777 0.3890625 0.5333333333333333 0.38671875 0.5444444444444444 0.38203125 0.5541666666666667 0.36953125 0.5625 0.3625 0.5611111111111111 0.3546875 0.5527777777777778 0.34921875 0.5361111111111111 0.3484375 0.5208333333333334 0.35234375 0.5041666666666667 0.359375 0.4930555555555556 0.36328125 0.49027777777777776 0.37578125 0.49166666666666664
0 0.64765625 0.6708333333333333 0.6578125 0.6875 0.659375 0.7125 0.65390625 0.7305555555555555 0.64765625 0.7375 0.640625 0.7402777777777778 0.63046875 0.7375 0.62265625 0.7291666666666666 0.61875 0.7166666666666667 0.61796875 0.7 0.61953125 0.6888888888888889 0.62890625 0.6736111111111112 0.63828125 0.6680555555555555 0.646875 0.6708333333333333
0 0.47734375 0.6652777777777777 0.48828125 0.6722222222222223 0.49453125 0.6847222222222222 0.496875 0.6972222222222222 0.49609375 0.7125 0.49296875 0.7236111111111111 0.48125 0.7375 0.47109375 0.7375 0.46640625 0.7333333333333333 0.459375 0.7236111111111111 0.45546875 0.7083333333333334 0.45625 0.6916666666666667 0.45859375 0.6819444444444445 0.465625 0.6708333333333333 0.4765625 0.6652777777777777
0 0.70234375 0.22777777777777777 0.71328125 0.24166666666666667 0.71640625 0.2569444444444444 0.71640625 0.26805555555555555 0.7109375 0.2875 0.69921875 0.3 0.6875 0.2986111111111111 0.67734375 0.2861111111111111 0.67421875 0.27361111111111114 0.67421875 0.25416666666666665 0.67734375 0.24305555555555555 0.6859375 0.23055555555555557 0.6921875 0.2263888888888889 0.7015625 0.22777777777777777