1 0.44609375 0.7277777777777777 0.45703125 0.7430555555555556 0.46015625 0.7638888888888888 0.45859375 0.7777777777777778 0.45390625 0.7902777777777777 0.44375 0.8 0.43359375 0.8 0.4234375 0.7916666666666666 0.415625 0.7736111111111111 0.41484375 0.7541666666666667 0.4171875 0.7416666666666667 0.428125 0.7263888888888889 0.43828125 0.7236111111111111 0.4453125 0.7277777777777777
1 0.56015625 0.425 0.56484375 0.42916666666666664 0.57421875 0.4486111111111111 0.575 0.4736111111111111 0.57109375 0.4875 0.56640625 0.49583333333333335 0.553125 0.5055555555555555 0.5421875 0.5013888888888889 0.53203125 0.4875 0.528125 0.4722222222222222 0.528125 0.45555555555555555 0.53125 0.44027777777777777 0.5390625 0.42777777777777776 0.54921875 0.4222222222222222 0.559375 0.425
1 0.6171875 0.5166666666666667 0.62734375 0.5236111111111111 0.63359375 0.5333333333333333 0.63671875 0.5458333333333333 0.63671875 0.5680555555555555 0.63515625 0.5763888888888888 0.6296875 0.5875 0.62265625 0.5958333333333333 0.615625 0.5986111111111111 0.60546875 0.5958333333333333 0.5953125 0.5833333333333334 0.59140625 0.5708333333333333 0.59140625 0.5458333333333333 0.59453125 0.5347222222222222 0.6015625 0.5236111111111111 0.60859375 0.5180555555555556 0.61640625 0.5166666666666667
1 0.4359375 0.6277777777777778 0.44765625 0.6347222222222222 0.45546875 0.65 0.4578125 0.6625 0.45703125 0.6791666666666667 0.45390625 0.6916666666666667 0.44765625 0.7013888888888888 0.43828125 0.7069444444444445 0.428125 0.7055555555555556 0.41875 0.6958333333333333 0.4140625 0.6861111111111111 0.41171875 0.6736111111111112 0.41171875 0.6541666666666667 0.41796875 0.6375 0.4265625 0.6291666666666667 0.43515625 0.6277777777777778
1 0.49765625 0.42916666666666664 0.50625 0.4375 0.51015625 0.44583333333333336 0.51328125 0.4597222222222222 0.51328125 0.475 0.50859375 0.49583333333333335 0.5015625 0.5055555555555555 0.49453125 0.5097222222222222 0.4875 0.5097222222222222 0.48046875 0.5055555555555555 0.46953125 0.49027777777777776 0.46640625 0.4777777777777778 0.46640625 0.4583333333333333 0.4703125 0.44305555555555554 0.4765625 0.43333333333333335 0.484375 0.42777777777777776 0.496875 0.42916666666666664
1 0.565625 0.6236111111111111 0.57734375 0.6444444444444445 0.578125 0.6666666666666666 0.57265625 0.6847222222222222 0.5671875 0.6930555555555555 0.5609375 0.6972222222222222 0.55078125 0.6972222222222222 0.53984375 0.6888888888888889 0.5328125 0.6708333333333333 0.53203125 0.65 0.53515625 0.6375 0.5453125 0.6222222222222222 0.5578125 0.6194444444444445 0.56484375 0.6236111111111111
1 0.68203125 0.7083333333333334 0.6890625 0.7125 0.69609375 0.7236111111111111 0.69921875 0.7416666666666667 0.6953125 0.7666666666666667 0.68984375 0.7763888888888889 0.68203125 0.7833333333333333 0.671875 0.7833333333333333 0.6640625 0.7777777777777778 0.6578125 0.7680555555555556 0.6546875 0.7555555555555555 0.6546875 0.7402777777777778 0.6578125 0.7263888888888889 0.66796875 0.7111111111111111 0.68125 0.7083333333333334
1 0.49921875 0.5277777777777778 0.50703125 0.5347222222222222 0.51171875 0.5430555555555555 0.515625 0.5569444444444445 0.515625 0.5708333333333333 0.51171875 0.5902777777777778 0.50625 0.6 0.49609375 0.6069444444444444 0.48671875 0.6055555555555555 0.4765625 0.5958333333333333 0.46953125 0.5805555555555556 0.46875 0.5666666666666667 0.4703125 0.5513888888888889 0.4734375 0.5402777777777777 0.47734375 0.5347222222222222 0.4875 0.5263888888888889 0.4984375 0.5277777777777778
0 0.565625 0.7180555555555556 0.5734375 0.7263888888888889 0.57734375 0.7347222222222223 0.57890625 0.7638888888888888 0.57421875 0.7791666666666667 0.56171875 0.7930555555555555 0.55390625 0.7930555555555555 0.54296875 0.7847222222222222 0.53515625 0.7666666666666667 0.534375 0.7458333333333333 0.53828125 0.7319444444444444 0.54609375 0.7194444444444444 0.55625 0.7152777777777778 0.56484375 0.7180555555555556
0 0.50390625 0.7208333333333333 0.5109375 0.7263888888888889 0.51796875 0.7402777777777778 0.51953125 0.7666666666666667 0.515625 0.7805555555555556 0.5109375 0.7888888888888889 0.49921875 0.7972222222222223 0.4875 0.7930555555555555 0.47890625 0.7805555555555556 0.475 0.7652777777777777 0.475 0.7458333333333333 0.47734375 0.7375 0.48671875 0.7236111111111111 0.4921875 0.7194444444444444 0.503125 0.7208333333333333
0 0.49609375 0.32916666666666666 0.5015625 0.3333333333333333 0.50859375 0.3458333333333333 0.51171875 0.3611111111111111 0.51171875 0.37777777777777777 0.50390625 0.4 0.490625 0.4111111111111111 0.48125 0.4097222222222222 0.4734375 0.4027777777777778 0.46796875 0.39305555555555555 0.4640625 0.37916666666666665 0.4640625 0.35694444444444445 0.46640625 0.3458333333333333 0.4734375 0.3333333333333333 0.48359375 0.3263888888888889 0.4953125 0.32916666666666666
0 0.62421875 0.6166666666666667 0.63046875 0.6222222222222222 0.63671875 0.6361111111111111 0.63828125 0.6569444444444444 0.634375 0.6763888888888889 0.62890625 0.6861111111111111 0.6203125 0.6930555555555555 0.6109375 0.6930555555555555 0.59921875 0.6819444444444445 0.59453125 0.6694444444444444 0.59296875 0.6513888888888889 0.5953125 0.6347222222222222 0.6015625 0.6222222222222222 0.61484375 0.6138888888888889 0.6234375 0.6166666666666667
0 0.4984375 0.6236111111111111 0.50859375 0.6305555555555555 0.5140625 0.6402777777777777 0.51796875 0.6555555555555556 0.5171875 0.6736111111111112 0.51328125 0.6875 0.50859375 0.6958333333333333 0.4984375 0.7027777777777777 0.49140625 0.7027777777777777 0.48203125 0.6958333333333333 0.4734375 0.6805555555555556 0.47109375 0.6638888888888889 0.4734375 0.6430555555555556 0.4796875 0.6319444444444444 0.4890625 0.6236111111111111 0.49765625 0.6236111111111111
0 0.3796875 0.7277777777777777 0.3875 0.7319444444444444 0.396875 0.7458333333333333 0.40078125 0.7666666666666667 0.4 0.7777777777777778 0.3953125 0.7916666666666666 0.38828125 0.8013888888888889 0.38046875 0.8055555555555556 0.3734375 0.8041666666666667 0.365625 0.7972222222222223 0.3578125 0.7833333333333333 0.35546875 0.7736111111111111 0.35546875 0.7569444444444444 0.359375 0.7402777777777778 0.36875 0.7291666666666666 0.37890625 0.7277777777777777
0 0.62265625 0.7111111111111111 0.63125 0.7180555555555556 0.6375 0.7305555555555555 0.6390625 0.7555555555555555 0.63515625 0.7722222222222223 0.63046875 0.7805555555555556 0.62109375 0.7875 0.609375 0.7861111111111111 0.5984375 0.7722222222222223 0.5953125 0.7625 0.5953125 0.7402777777777778 0.5984375 0.7291666666666666 0.6046875 0.7180555555555556 0.61328125 0.7111111111111111 0.621875 0.7111111111111111
0 0.74140625 0.7027777777777777 0.7546875 0.7138888888888889 0.759375 0.7319444444444444 0.759375 0.75 0.7546875 0.7652777777777777 0.74765625 0.775 0.74140625 0.7791666666666667 0.73125 0.7791666666666667 0.72265625 0.7722222222222223 0.71953125 0.7680555555555556 0.71484375 0.7513888888888889 0.71640625 0.7291666666666666 0.721875 0.7152777777777778 0.73046875 0.7055555555555556 0.740625 0.7027777777777777
0 0.56015625 0.5222222222222223 0.56796875 0.5291666666666667 0.5734375 0.5388888888888889 0.57734375 0.5652777777777778 0.575 0.5791666666666667 0.57109375 0.5888888888888889 0.565625 0.5986111111111111 0.559375 0.6027777777777777 0.55078125 0.6027777777777777 0.54140625 0.5972222222222222 0.5328125 0.5819444444444445 0.5296875 0.5680555555555555 0.53046875 0.5486111111111112 0.53671875 0.5319444444444444 0.54609375 0.5222222222222223 0.559375 0.5222222222222223