0 0.62109375 0.7236111111111111 0.63125 0.7305555555555555 0.63671875 0.7388888888888889 0.63984375 0.75 0.640625 0.7666666666666667 0.6390625 0.7791666666666667 0.634375 0.7930555555555555 0.62578125 0.8027777777777778 0.61953125 0.8055555555555556 0.6109375 0.8041666666666667 0.5984375 0.7902777777777777 0.59375 0.7736111111111111 0.59375 0.7555555555555555 0.5984375 0.7388888888888889 0.60234375 0.7333333333333333 0.61171875 0.725 0.6203125 0.7236111111111111
0 0.375 0.7402777777777778 0.384375 0.7486111111111111 0.38984375 0.7597222222222222 0.39296875 0.775 0.39296875 0.7888888888888889 0.38671875 0.8083333333333333 0.37265625 0.8194444444444444 0.35859375 0.8138888888888889 0.3515625 0.8027777777777778 0.346875 0.7875 0.346875 0.7680555555555556 0.35078125 0.7541666666666667 0.35703125 0.7444444444444445 0.36640625 0.7388888888888889 0.37421875 0.7402777777777778
0 0.56484375 0.7319444444444444 0.575 0.7458333333333333 0.578125 0.7583333333333333 0.578125 0.7777777777777778 0.575 0.7902777777777777 0.56796875 0.8027777777777778 0.56015625 0.8083333333333333 0.54765625 0.8069444444444445 0.53984375 0.8 0.53203125 0.7805555555555556 0.53125 0.7597222222222222 0.53515625 0.7444444444444445 0.54453125 0.7319444444444444 0.54921875 0.7291666666666666 0.5609375 0.7291666666666666 0.5640625 0.7319444444444444
0 0.43828125 0.7375 0.44921875 0.75 0.453125 0.7597222222222222 0.4546875 0.7819444444444444 0.45078125 0.8 0.44453125 0.8097222222222222 0.4375 0.8152777777777778 0.42734375 0.8152777777777778 0.4171875 0.8069444444444445 0.41171875 0.7972222222222223 0.4078125 0.7777777777777778 0.409375 0.7583333333333333 0.41796875 0.7416666666666667 0.425 0.7361111111111112 0.4375 0.7375
0 0.50078125 0.6375 0.51171875 0.6541666666666667 0.51328125 0.6833333333333333 0.5109375 0.6944444444444444 0.5046875 0.7069444444444445 0.4921875 0.7152777777777778 0.48046875 0.7111111111111111 0.46953125 0.6958333333333333 0.46640625 0.6833333333333333 0.46640625 0.6680555555555555 0.46953125 0.6513888888888889 0.4765625 0.6388888888888888 0.4859375 0.6333333333333333 0.49453125 0.6333333333333333 0.5 0.6375
0 0.553125 0.5277777777777778 0.56171875 0.5319444444444444 0.5671875 0.5388888888888889 0.57421875 0.5569444444444445 0.57421875 0.5791666666666667 0.5703125 0.5944444444444444 0.5640625 0.6055555555555555 0.5546875 0.6111111111111112 0.54296875 0.6097222222222223 0.5359375 0.6027777777777777 0.5296875 0.5916666666666667 0.5265625 0.575 0.52734375 0.5569444444444445 0.53046875 0.5444444444444444 0.5390625 0.5319444444444444 0.55234375 0.5277777777777778
1 0.4890625 0.5319444444444444 0.4953125 0.5347222222222222 0.50546875 0.5458333333333333 0.51171875 0.5680555555555555 0.51171875 0.5819444444444445 0.5078125 0.5972222222222222 0.49921875 0.6111111111111112 0.4921875 0.6152777777777778 0.48359375 0.6152777777777778 0.4734375 0.6083333333333333 0.46796875 0.6 0.46328125 0.5819444444444445 0.46328125 0.5638888888888889 0.46875 0.5458333333333333 0.478125 0.5347222222222222 0.48828125 0.5319444444444444
1 0.55078125 0.425 0.5640625 0.43472222222222223 0.56875 0.44305555555555554 0.57265625 0.4625 0.571875 0.4791666666666667 0.5671875 0.49583333333333335 0.553125 0.5097222222222222 0.5421875 0.5097222222222222 0.53359375 0.5013888888888889 0.52578125 0.4875 0.5234375 0.4736111111111111 0.52421875 0.45555555555555555 0.52734375 0.44305555555555554 0.5390625 0.42777777777777776 0.55 0.425
1 0.56015625 0.6305555555555555 0.57265625 0.6458333333333334 0.57578125 0.6569444444444444 0.5765625 0.6736111111111112 0.575 0.6861111111111111 0.571875 0.6944444444444444 0.56484375 0.7055555555555556 0.55625 0.7111111111111111 0.54296875 0.7069444444444445 0.534375 0.6958333333333333 0.52890625 0.6791666666666667 0.52890625 0.6555555555555556 0.53828125 0.6361111111111111 0.54296875 0.6319444444444444 0.55 0.6291666666666667 0.559375 0.6305555555555555
1 0.68828125 0.7222222222222222 0.6984375 0.7333333333333333 0.703125 0.7472222222222222 0.70390625 0.7638888888888888 0.7 0.7805555555555556 0.6921875 0.7944444444444444 0.684375 0.8 0.67421875 0.8 0.66484375 0.7930555555555555 0.65703125 0.7763888888888889 0.65625 0.7527777777777778 0.6609375 0.7361111111111112 0.66796875 0.7263888888888889 0.678125 0.7208333333333333 0.6875 0.7222222222222222
1 0.5015625 0.7361111111111112 0.51328125 0.7527777777777778 0.515625 0.7625 0.515625 0.7791666666666667 0.51171875 0.7958333333333333 0.50703125 0.8041666666666667 0.49921875 0.8111111111111111 0.4875 0.8111111111111111 0.47734375 0.8027777777777778 0.47109375 0.7902777777777777 0.46875 0.7722222222222223 0.4703125 0.7555555555555555 0.478125 0.7402777777777778 0.4875 0.7333333333333333 0.50078125 0.7361111111111112