0 0.68984375 0.7472222222222222 0.70078125 0.7666666666666667 0.703125 0.7888888888888889 0.7 0.8055555555555556 0.6921875 0.8180555555555555 0.6859375 0.8222222222222222 0.67734375 0.8222222222222222 0.6671875 0.8152777777777778 0.65859375 0.7958333333333333 0.65703125 0.775 0.6609375 0.7569444444444444 0.67109375 0.7444444444444445 0.68359375 0.7430555555555556 0.6890625 0.7472222222222222
0 0.628125 0.8375 0.6328125 0.8416666666666667 0.640625 0.8583333333333333 0.64296875 0.8847222222222222 0.6375 0.9041666666666667 0.6265625 0.9138888888888889 0.61328125 0.9111111111111111 0.60390625 0.8972222222222223 0.59921875 0.8791666666666667 0.59921875 0.8625 0.6015625 0.8527777777777777 0.6109375 0.8375 0.615625 0.8347222222222223 0.62734375 0.8375
0 0.5234375 0.5583333333333333 0.53046875 0.5722222222222222 0.53203125 0.5916666666666667 0.5265625 0.6152777777777778 0.5171875 0.625 0.50390625 0.6222222222222222 0.49765625 0.6125 0.49375 0.5958333333333333 0.49453125 0.5777777777777777 0.49765625 0.5666666666666667 0.50546875 0.5569444444444445 0.51953125 0.5555555555555556 0.52265625 0.5583333333333333
0 0.51640625 0.825 0.5265625 0.8375 0.53046875 0.8541666666666666 0.52890625 0.8791666666666667 0.52265625 0.8930555555555556 0.51796875 0.8972222222222223 0.50859375 0.8972222222222223 0.50078125 0.8916666666666667 0.49375 0.8777777777777778 0.49140625 0.8625 0.49296875 0.8444444444444444 0.50078125 0.8263888888888888 0.5046875 0.8236111111111111 0.515625 0.825
0 0.6265625 0.6458333333333334 0.63359375 0.6513888888888889 0.6375 0.6583333333333333 0.64140625 0.675 0.64140625 0.6930555555555555 0.63671875 0.7097222222222223 0.62578125 0.7208333333333333 0.61640625 0.7208333333333333 0.6078125 0.7138888888888889 0.6015625 0.7027777777777777 0.5984375 0.6875 0.6 0.6666666666666666 0.6078125 0.65 0.61484375 0.6444444444444445 0.62578125 0.6458333333333334
0 0.753125 0.8527777777777777 0.75859375 0.8583333333333333 0.76484375 0.8708333333333333 0.76796875 0.8875 0.76796875 0.9013888888888889 0.7625 0.9208333333333333 0.75078125 0.9319444444444445 0.73671875 0.9291666666666667 0.72734375 0.9180555555555555 0.72109375 0.9013888888888889 0.71953125 0.8833333333333333 0.72265625 0.8638888888888889 0.72890625 0.8541666666666666 0.73671875 0.8486111111111111 0.746875 0.8486111111111111 0.75234375 0.8527777777777777
0 0.50859375 0.7319444444444444 0.51640625 0.7333333333333333 0.5234375 0.7388888888888889 0.5296875 0.7527777777777778 0.53125 0.775 0.5265625 0.7944444444444444 0.51953125 0.8041666666666667 0.509375 0.8055555555555556 0.50078125 0.8 0.49375 0.7847222222222222 0.4921875 0.7708333333333334 0.49375 0.7527777777777778 0.4984375 0.7402777777777778 0.5046875 0.7333333333333333 0.5078125 0.7333333333333333
1 0.62734375 0.46111111111111114 0.63359375 0.4666666666666667 0.63828125 0.47638888888888886 0.640625 0.4875 0.640625 0.5013888888888889 0.63359375 0.525 0.625 0.5333333333333333 0.61953125 0.5347222222222222 0.609375 0.5291666666666667 0.60234375 0.5180555555555556 0.59921875 0.5041666666666667 0.59921875 0.4888888888888889 0.6015625 0.4777777777777778 0.60859375 0.4652777777777778 0.615625 0.4597222222222222 0.6265625 0.46111111111111114
1 0.62109375 0.7388888888888889 0.6328125 0.7458333333333333 0.6390625 0.7583333333333333 0.6421875 0.7736111111111111 0.6421875 0.7847222222222222 0.63828125 0.8027777777777778 0.62734375 0.8166666666666667 0.61796875 0.8166666666666667 0.6078125 0.8069444444444445 0.60234375 0.7958333333333333 0.59921875 0.7763888888888889 0.60078125 0.7597222222222222 0.6046875 0.75 0.609375 0.7430555555555556 0.6203125 0.7388888888888889
1 0.63046875 0.5555555555555556 0.6390625 0.5708333333333333 0.640625 0.5972222222222222 0.63671875 0.6138888888888889 0.625 0.6263888888888889 0.6171875 0.6263888888888889 0.6078125 0.6194444444444445 0.6015625 0.6069444444444444 0.59921875 0.5833333333333334 0.6015625 0.5680555555555555 0.6109375 0.5541666666666667 0.62265625 0.5513888888888889 0.6296875 0.5555555555555556
1 0.4640625 0.8180555555555555 0.4703125 0.8236111111111111 0.47734375 0.8388888888888889 0.47890625 0.8638888888888889 0.475 0.8791666666666667 0.46953125 0.8875 0.46328125 0.8916666666666667 0.45703125 0.8902777777777777 0.44921875 0.8805555555555555 0.44296875 0.8638888888888889 0.44453125 0.8333333333333334 0.45390625 0.8194444444444444 0.46328125 0.8180555555555555
1 0.68515625 0.8430555555555556 0.69296875 0.85 0.6984375 0.8597222222222223 0.703125 0.8763888888888889 0.703125 0.8986111111111111 0.7 0.9097222222222222 0.69296875 0.9194444444444444 0.68671875 0.9236111111111112 0.67734375 0.9222222222222223 0.66875 0.9152777777777777 0.6609375 0.9 0.65859375 0.8861111111111111 0.659375 0.8652777777777778 0.6671875 0.8472222222222222 0.675 0.8416666666666667 0.684375 0.8430555555555556
1 0.51875 0.6444444444444445 0.52734375 0.6555555555555556 0.53046875 0.6680555555555555 0.53125 0.6847222222222222 0.52578125 0.7055555555555556 0.51796875 0.7152777777777778 0.51015625 0.7152777777777778 0.5015625 0.7083333333333334 0.49375 0.6875 0.49453125 0.6652777777777777 0.49921875 0.6513888888888889 0.50703125 0.6430555555555556 0.51796875 0.6444444444444445