0 0.5984375 0.4263888888888889 0.60625 0.43194444444444446 0.61328125 0.4444444444444444 0.6171875 0.4597222222222222 0.61796875 0.4791666666666667 0.615625 0.49166666666666664 0.61015625 0.5055555555555555 0.60234375 0.5152777777777777 0.5953125 0.5194444444444445 0.58125 0.5166666666666667 0.56875 0.5 0.56484375 0.48055555555555557 0.56484375 0.4625 0.56953125 0.44305555555555554 0.5765625 0.43194444444444446 0.58671875 0.425 0.59765625 0.4263888888888889
0 0.53984375 0.8902777777777777 0.5515625 0.9069444444444444 0.5546875 0.9222222222222223 0.5546875 0.9361111111111111 0.553125 0.95 0.5484375 0.9625 0.54375 0.9708333333333333 0.53515625 0.9777777777777777 0.525 0.9777777777777777 0.51171875 0.9680555555555556 0.503125 0.9486111111111111 0.5015625 0.9305555555555556 0.50390625 0.9125 0.51484375 0.8930555555555556 0.52421875 0.8875 0.5359375 0.8875 0.5390625 0.8902777777777777
0 0.5296875 0.5458333333333333 0.5390625 0.5541666666666667 0.54453125 0.5638888888888889 0.54921875 0.5861111111111111 0.54921875 0.5986111111111111 0.54609375 0.6138888888888889 0.5390625 0.6291666666666667 0.525 0.6388888888888888 0.51484375 0.6375 0.50390625 0.6263888888888889 0.49765625 0.6125 0.4953125 0.5930555555555556 0.49765625 0.5736111111111111 0.5046875 0.5555555555555556 0.515625 0.5458333333333333 0.52890625 0.5458333333333333
0 0.6109375 0.8861111111111111 0.61953125 0.8972222222222223 0.6234375 0.9097222222222222 0.6234375 0.9416666666666667 0.61953125 0.9555555555555556 0.6125 0.9666666666666667 0.6 0.9736111111111111 0.5875 0.9694444444444444 0.5765625 0.9541666666666667 0.57265625 0.9416666666666667 0.571875 0.9194444444444444 0.57734375 0.9 0.58828125 0.8847222222222222 0.6046875 0.8819444444444444 0.61015625 0.8861111111111111
0 0.6796875 0.8805555555555555 0.68515625 0.8861111111111111 0.6921875 0.9013888888888889 0.69375 0.9236111111111112 0.6921875 0.9361111111111111 0.68671875 0.9527777777777777 0.68046875 0.9611111111111111 0.671875 0.9666666666666667 0.66328125 0.9666666666666667 0.653125 0.9597222222222223 0.64375 0.9402777777777778 0.6421875 0.9138888888888889 0.646875 0.8972222222222223 0.65625 0.8819444444444444 0.66796875 0.8763888888888889 0.67890625 0.8805555555555555
0 0.671875 0.7638888888888888 0.68203125 0.7708333333333334 0.68828125 0.7819444444444444 0.6921875 0.7972222222222223 0.6921875 0.8166666666666667 0.68515625 0.8402777777777778 0.67109375 0.8541666666666666 0.6609375 0.8541666666666666 0.65234375 0.8486111111111111 0.64609375 0.8388888888888889 0.640625 0.8208333333333333 0.640625 0.8 0.64609375 0.7819444444444444 0.65546875 0.7680555555555556 0.67109375 0.7638888888888888
0 0.3921875 0.8958333333333334 0.40234375 0.9027777777777778 0.409375 0.9138888888888889 0.41328125 0.925 0.41484375 0.9388888888888889 0.4140625 0.9555555555555556 0.4109375 0.9666666666666667 0.40234375 0.9805555555555555 0.39296875 0.9875 0.3828125 0.9875 0.37421875 0.9805555555555555 0.36484375 0.9652777777777778 0.3609375 0.95 0.36171875 0.9291666666666667 0.36796875 0.9111111111111111 0.3796875 0.8972222222222223 0.39140625 0.8958333333333334
0 0.81484375 0.8666666666666667 0.82265625 0.8736111111111111 0.82890625 0.8847222222222222 0.83203125 0.8972222222222223 0.83203125 0.9194444444444444 0.82578125 0.9416666666666667 0.81640625 0.9527777777777777 0.8078125 0.9569444444444445 0.7953125 0.9541666666666667 0.78515625 0.9388888888888889 0.78203125 0.9277777777777778 0.78125 0.9069444444444444 0.78515625 0.8888888888888888 0.79140625 0.8763888888888889 0.803125 0.8666666666666667 0.8140625 0.8666666666666667
0 0.53515625 0.775 0.54375 0.7833333333333333 0.55078125 0.7986111111111112 0.553125 0.8097222222222222 0.553125 0.8236111111111111 0.55 0.8416666666666667 0.5421875 0.8569444444444444 0.528125 0.8652777777777778 0.5140625 0.8611111111111112 0.5046875 0.8472222222222222 0.50078125 0.8347222222222223 0.5 0.8111111111111111 0.50390625 0.7944444444444444 0.5140625 0.7791666666666667 0.5234375 0.7736111111111111 0.534375 0.775
1 0.5953125 0.5402777777777777 0.60625 0.5458333333333333 0.61328125 0.5569444444444445 0.61875 0.575 0.61953125 0.5944444444444444 0.61640625 0.6097222222222223 0.6078125 0.6263888888888889 0.59296875 0.6347222222222222 0.58515625 0.6333333333333333 0.571875 0.6180555555555556 0.5671875 0.6013888888888889 0.56640625 0.5805555555555556 0.56796875 0.5680555555555555 0.5765625 0.55 0.58515625 0.5416666666666666 0.59453125 0.5402777777777777
1 0.603125 0.7694444444444445 0.6125 0.7777777777777778 0.6203125 0.7930555555555555 0.62265625 0.8069444444444445 0.62265625 0.8222222222222222 0.61875 0.8402777777777778 0.6125 0.8527777777777777 0.6 0.8611111111111112 0.590625 0.8597222222222223 0.58125 0.8527777777777777 0.571875 0.8319444444444445 0.5703125 0.8097222222222222 0.57421875 0.7888888888888889 0.5796875 0.7791666666666667 0.5921875 0.7694444444444445 0.60234375 0.7694444444444445
1 0.60703125 0.6597222222222222 0.61484375 0.6708333333333333 0.6203125 0.6861111111111111 0.6203125 0.7166666666666667 0.609375 0.7402777777777778 0.5953125 0.7486111111111111 0.584375 0.7444444444444445 0.57578125 0.7347222222222223 0.56875 0.7111111111111111 0.56875 0.6916666666666667 0.5734375 0.6736111111111112 0.584375 0.6583333333333333 0.60078125 0.6555555555555556 0.60625 0.6597222222222222
1 0.671875 0.6513888888888889 0.68203125 0.6597222222222222 0.6875 0.6708333333333333 0.690625 0.6847222222222222 0.690625 0.7083333333333334 0.68203125 0.7319444444444444 0.66875 0.7430555555555556 0.653125 0.7402777777777778 0.64375 0.7263888888888889 0.6390625 0.7069444444444445 0.6390625 0.6875 0.64375 0.6680555555555555 0.6515625 0.6569444444444444 0.659375 0.6513888888888889 0.67109375 0.6513888888888889
1 0.4609375 0.8916666666666667 0.46796875 0.8944444444444445 0.47578125 0.9027777777777778 0.48203125 0.9166666666666666 0.484375 0.9291666666666667 0.484375 0.9458333333333333 0.48125 0.9611111111111111 0.4734375 0.975 0.4625 0.9833333333333333 0.45546875 0.9833333333333333 0.44296875 0.975 0.43515625 0.9597222222222223 0.43203125 0.9444444444444444 0.4328125 0.9236111111111112 0.43671875 0.9097222222222222 0.4484375 0.8944444444444445 0.46015625 0.8916666666666667
1 0.74296875 0.7597222222222222 0.74921875 0.7638888888888888 0.75703125 0.775 0.7609375 0.7902777777777777 0.76171875 0.8069444444444445 0.75625 0.8305555555555556 0.74921875 0.8430555555555556 0.7390625 0.85 0.7234375 0.8458333333333333 0.71484375 0.8333333333333334 0.7109375 0.8166666666666667 0.7109375 0.7958333333333333 0.71328125 0.7833333333333333 0.7234375 0.7652777777777777 0.73203125 0.7597222222222222 0.7421875 0.7597222222222222
1 0.52890625 0.6597222222222222 0.53984375 0.6680555555555555 0.54609375 0.6791666666666667 0.55078125 0.6972222222222222 0.55078125 0.7152777777777778 0.54296875 0.7402777777777778 0.534375 0.75 0.528125 0.7527777777777778 0.5171875 0.7513888888888889 0.509375 0.7444444444444445 0.5015625 0.7305555555555555 0.49765625 0.7097222222222223 0.50078125 0.6833333333333333 0.5078125 0.6694444444444444 0.51640625 0.6611111111111111 0.528125 0.6597222222222222
1 0.74296875 0.8722222222222222 0.75390625 0.8805555555555555 0.759375 0.8902777777777777 0.7625 0.9055555555555556 0.7625 0.9236111111111112 0.759375 0.9388888888888889 0.7515625 0.9541666666666667 0.73984375 0.9625 0.72421875 0.9583333333333334 0.715625 0.9444444444444444 0.7125 0.9319444444444445 0.7125 0.9055555555555556 0.715625 0.8944444444444445 0.72421875 0.8791666666666667 0.73515625 0.8722222222222222 0.7421875 0.8722222222222222