0 0.5765625 0.7152777777777778 0.584375 0.7194444444444444 0.5921875 0.7305555555555555 0.59609375 0.7430555555555556 0.596875 0.7583333333333333 0.5921875 0.7819444444444444 0.5859375 0.7930555555555555 0.57578125 0.8 0.56953125 0.8 0.559375 0.7930555555555555 0.553125 0.7819444444444444 0.54921875 0.7652777777777777 0.55 0.7430555555555556 0.553125 0.7319444444444444 0.5609375 0.7194444444444444 0.57578125 0.7152777777777778
0 0.5171875 0.8194444444444444 0.52578125 0.8277777777777777 0.53046875 0.8375 0.5328125 0.8472222222222222 0.5328125 0.8722222222222222 0.52265625 0.8972222222222223 0.5140625 0.9041666666666667 0.49921875 0.9013888888888889 0.48984375 0.8875 0.4859375 0.8722222222222222 0.4859375 0.8513888888888889 0.48984375 0.8361111111111111 0.49765625 0.8222222222222222 0.50390625 0.8180555555555555 0.51640625 0.8194444444444444
0 0.45078125 0.8166666666666667 0.46015625 0.8236111111111111 0.4671875 0.8375 0.46953125 0.8472222222222222 0.46953125 0.8680555555555556 0.46640625 0.8819444444444444 0.46015625 0.8944444444444445 0.446875 0.9041666666666667 0.4375 0.9013888888888889 0.42734375 0.8888888888888888 0.4234375 0.875 0.42265625 0.8555555555555555 0.42578125 0.8388888888888889 0.43125 0.8263888888888888 0.44296875 0.8166666666666667 0.45 0.8166666666666667
0 0.58125 0.8208333333333333 0.5875 0.8263888888888888 0.59375 0.8375 0.596875 0.8527777777777777 0.596875 0.8666666666666667 0.58984375 0.8916666666666667 0.584375 0.9 0.575 0.9055555555555556 0.565625 0.9041666666666667 0.553125 0.8888888888888888 0.55 0.8777777777777778 0.54921875 0.8583333333333333 0.553125 0.8375 0.55859375 0.8263888888888888 0.5703125 0.8180555555555555 0.58046875 0.8208333333333333
0 0.52109375 0.6166666666666667 0.53046875 0.6319444444444444 0.53359375 0.6472222222222223 0.53359375 0.6569444444444444 0.5296875 0.6763888888888889 0.521875 0.6902777777777778 0.5140625 0.6958333333333333 0.50078125 0.6930555555555555 0.490625 0.6791666666666667 0.4875 0.6694444444444444 0.48671875 0.6444444444444445 0.490625 0.6291666666666667 0.5 0.6152777777777778 0.51328125 0.6125 0.5203125 0.6166666666666667
0 0.4578125 0.7180555555555556 0.4671875 0.7319444444444444 0.4703125 0.7458333333333333 0.4703125 0.7625 0.4640625 0.7847222222222222 0.45703125 0.7944444444444444 0.45 0.7986111111111112 0.43984375 0.7972222222222223 0.428125 0.7833333333333333 0.425 0.775 0.4234375 0.7625 0.42421875 0.7444444444444445 0.428125 0.7305555555555555 0.43359375 0.7208333333333333 0.43984375 0.7152777777777778 0.45 0.7138888888888889 0.45703125 0.7180555555555556
1 0.5203125 0.7194444444444444 0.52578125 0.725 0.53046875 0.7361111111111112 0.5328125 0.7486111111111111 0.5328125 0.7638888888888888 0.5265625 0.7847222222222222 0.521875 0.7930555555555555 0.51484375 0.7986111111111112 0.50234375 0.7972222222222223 0.490625 0.7819444444444444 0.48671875 0.7666666666666667 0.48671875 0.7472222222222222 0.490625 0.7319444444444444 0.5015625 0.7166666666666667 0.5125 0.7152777777777778 0.51953125 0.7194444444444444
1 0.45859375 0.6166666666666667 0.46640625 0.6291666666666667 0.46953125 0.6402777777777777 0.4703125 0.6597222222222222 0.46484375 0.6805555555555556 0.459375 0.6888888888888889 0.4515625 0.6944444444444444 0.44296875 0.6944444444444444 0.4296875 0.6819444444444445 0.425 0.6652777777777777 0.425 0.6416666666666667 0.43046875 0.625 0.43984375 0.6138888888888889 0.45234375 0.6125 0.4578125 0.6166666666666667
1 0.3875 0.7138888888888889 0.39609375 0.7194444444444444 0.40234375 0.7291666666666666 0.40703125 0.7513888888888889 0.40625 0.7652777777777777 0.4015625 0.7805555555555556 0.39609375 0.7902777777777777 0.3875 0.7972222222222223 0.37890625 0.7972222222222223 0.3703125 0.7902777777777777 0.3640625 0.7791666666666667 0.3609375 0.7625 0.36171875 0.7416666666666667 0.3671875 0.7263888888888889 0.375 0.7166666666666667 0.38671875 0.7138888888888889
1 0.3828125 0.8166666666666667 0.39609375 0.8236111111111111 0.4046875 0.8416666666666667 0.40546875 0.8694444444444445 0.40078125 0.8861111111111111 0.38984375 0.9 0.3765625 0.9013888888888889 0.36875 0.8944444444444445 0.3609375 0.8763888888888889 0.359375 0.8541666666666666 0.3625 0.8375 0.371875 0.8222222222222222 0.3765625 0.8180555555555555 0.38203125 0.8180555555555555
1 0.51171875 0.5111111111111111 0.5234375 0.5180555555555556 0.52890625 0.5277777777777778 0.5328125 0.5458333333333333 0.5328125 0.5583333333333333 0.5265625 0.5805555555555556 0.51875 0.5902777777777778 0.51171875 0.5930555555555556 0.5046875 0.5916666666666667 0.496875 0.5847222222222223 0.49140625 0.5763888888888888 0.4875 0.5625 0.4875 0.5430555555555555 0.49296875 0.525 0.5015625 0.5138888888888888 0.5109375 0.5111111111111111
1 0.64296875 0.8208333333333333 0.653125 0.8305555555555556 0.6578125 0.8416666666666667 0.66015625 0.8541666666666666 0.66015625 0.8708333333333333 0.6578125 0.8819444444444444 0.65078125 0.8958333333333334 0.64296875 0.9041666666666667 0.63671875 0.9055555555555556 0.62578125 0.9013888888888889 0.61796875 0.8902777777777777 0.61328125 0.8708333333333333 0.61328125 0.8527777777777777 0.61796875 0.8347222222222223 0.62578125 0.8236111111111111 0.6359375 0.8194444444444444 0.6421875 0.8208333333333333