0 0.565625 0.7152777777777778 0.575 0.7305555555555555 0.57734375 0.7416666666666667 0.57734375 0.7541666666666667 0.57265625 0.7722222222222223 0.5640625 0.7861111111111111 0.5578125 0.7888888888888889 0.546875 0.7861111111111111 0.53984375 0.7791666666666667 0.53203125 0.7583333333333333 0.53125 0.7444444444444445 0.53515625 0.7291666666666666 0.54609375 0.7138888888888889 0.5578125 0.7111111111111111 0.56484375 0.7152777777777778
0 0.6234375 0.7097222222222223 0.63046875 0.7166666666666667 0.63359375 0.7236111111111111 0.6359375 0.7347222222222223 0.6359375 0.7513888888888889 0.63046875 0.7708333333333334 0.61875 0.7833333333333333 0.61015625 0.7833333333333333 0.59921875 0.775 0.59140625 0.7569444444444444 0.59140625 0.7361111111111112 0.59765625 0.7180555555555556 0.60703125 0.7083333333333334 0.61953125 0.7069444444444445 0.62265625 0.7097222222222223
0 0.4890625 0.3263888888888889 0.49609375 0.33055555555555555 0.50703125 0.3472222222222222 0.509375 0.35833333333333334 0.509375 0.3763888888888889 0.50625 0.3902777777777778 0.50078125 0.4013888888888889 0.48828125 0.4111111111111111 0.48125 0.4097222222222222 0.46875 0.39861111111111114 0.46328125 0.3861111111111111 0.46171875 0.375 0.46171875 0.35833333333333334 0.465625 0.34305555555555556 0.47421875 0.33055555555555555 0.48125 0.3263888888888889 0.48828125 0.3263888888888889
0 0.61796875 0.6111111111111112 0.62421875 0.6152777777777778 0.63125 0.6263888888888889 0.63515625 0.6430555555555556 0.63515625 0.6555555555555556 0.63046875 0.675 0.62265625 0.6861111111111111 0.615625 0.6902777777777778 0.60703125 0.6888888888888889 0.59765625 0.6805555555555556 0.59375 0.6736111111111112 0.58984375 0.6583333333333333 0.58984375 0.6416666666666667 0.59140625 0.6319444444444444 0.59921875 0.6180555555555556 0.60859375 0.6111111111111112 0.6171875 0.6111111111111112
0 0.44296875 0.7222222222222222 0.44921875 0.7277777777777777 0.45625 0.7402777777777778 0.4578125 0.7458333333333333 0.4578125 0.7708333333333334 0.45078125 0.7888888888888889 0.440625 0.7972222222222223 0.4296875 0.7958333333333333 0.42109375 0.7875 0.41484375 0.7722222222222223 0.41328125 0.7486111111111111 0.41484375 0.7402777777777778 0.42265625 0.7263888888888889 0.43125 0.7208333333333333 0.4421875 0.7222222222222222
0 0.7375 0.6972222222222222 0.74375 0.7013888888888888 0.7515625 0.7138888888888889 0.75390625 0.725 0.75390625 0.7402777777777778 0.74921875 0.7583333333333333 0.74375 0.7666666666666667 0.7359375 0.7722222222222223 0.7265625 0.7722222222222223 0.71796875 0.7666666666666667 0.7109375 0.75 0.71015625 0.7291666666666666 0.7125 0.7180555555555556 0.71875 0.7055555555555556 0.7265625 0.6986111111111111 0.73671875 0.6972222222222222
0 0.50703125 0.6277777777777778 0.5140625 0.6430555555555556 0.515625 0.6694444444444444 0.5140625 0.6777777777777778 0.5078125 0.6916666666666667 0.49765625 0.7 0.48671875 0.6986111111111111 0.478125 0.6902777777777778 0.471875 0.6777777777777778 0.46953125 0.6541666666666667 0.47265625 0.6375 0.484375 0.6222222222222222 0.49765625 0.6208333333333333 0.50625 0.6277777777777778
0 0.49609375 0.42777777777777776 0.5015625 0.43194444444444446 0.50859375 0.4444444444444444 0.51171875 0.45694444444444443 0.51171875 0.4777777777777778 0.50234375 0.5013888888888889 0.48984375 0.5097222222222222 0.4765625 0.5027777777777778 0.46875 0.49166666666666664 0.4640625 0.4736111111111111 0.4640625 0.4597222222222222 0.4671875 0.4444444444444444 0.47421875 0.43194444444444446 0.4828125 0.4263888888888889 0.4953125 0.42777777777777776
0 0.55546875 0.5194444444444445 0.5609375 0.5222222222222223 0.56796875 0.5319444444444444 0.57109375 0.5388888888888889 0.57421875 0.5555555555555556 0.5734375 0.5680555555555555 0.56875 0.5861111111111111 0.5640625 0.5944444444444444 0.55703125 0.6 0.546875 0.6 0.53828125 0.5944444444444444 0.53046875 0.5819444444444445 0.52734375 0.5652777777777778 0.528125 0.5458333333333333 0.5328125 0.5319444444444444 0.54296875 0.5208333333333334 0.5546875 0.5194444444444445
1 0.6796875 0.6097222222222223 0.6859375 0.6152777777777778 0.69140625 0.6263888888888889 0.69296875 0.6541666666666667 0.6859375 0.675 0.6796875 0.6819444444444445 0.6703125 0.6847222222222222 0.6609375 0.6819444444444445 0.65390625 0.6736111111111112 0.64921875 0.6541666666666667 0.65 0.6375 0.65390625 0.6236111111111111 0.6609375 0.6125 0.66796875 0.6083333333333333 0.67890625 0.6097222222222223
1 0.5515625 0.32222222222222224 0.559375 0.3277777777777778 0.56484375 0.33611111111111114 0.56875 0.3472222222222222 0.5703125 0.36527777777777776 0.5671875 0.38472222222222224 0.5609375 0.3972222222222222 0.55390625 0.4041666666666667 0.546875 0.40555555555555556 0.53671875 0.4013888888888889 0.52890625 0.39166666666666666 0.5234375 0.3736111111111111 0.5234375 0.35555555555555557 0.5265625 0.3402777777777778 0.53203125 0.33055555555555555 0.5390625 0.3236111111111111 0.55078125 0.32222222222222224
1 0.68359375 0.7069444444444445 0.690625 0.7166666666666667 0.69375 0.7263888888888889 0.69375 0.7486111111111111 0.690625 0.7611111111111111 0.684375 0.7722222222222223 0.675 0.7791666666666667 0.66484375 0.7763888888888889 0.65390625 0.7625 0.65078125 0.7513888888888889 0.65078125 0.7347222222222223 0.6546875 0.7194444444444444 0.665625 0.7055555555555556 0.67578125 0.7027777777777777 0.6828125 0.7069444444444445
1 0.55234375 0.42083333333333334 0.5640625 0.4305555555555556 0.56875 0.44027777777777777 0.571875 0.45555555555555555 0.57109375 0.4736111111111111 0.56796875 0.4875 0.56328125 0.49583333333333335 0.55546875 0.5027777777777778 0.54375 0.5027777777777778 0.5375 0.4986111111111111 0.52890625 0.4861111111111111 0.52578125 0.4722222222222222 0.5265625 0.44583333333333336 0.52890625 0.4388888888888889 0.53984375 0.4236111111111111 0.5515625 0.42083333333333334
1 0.675 0.5111111111111111 0.684375 0.5180555555555556 0.6890625 0.5263888888888889 0.69296875 0.5416666666666666 0.69296875 0.5555555555555556 0.6890625 0.5722222222222222 0.684375 0.5805555555555556 0.678125 0.5875 0.66953125 0.5902777777777778 0.6578125 0.5847222222222223 0.65234375 0.5763888888888888 0.6484375 0.5625 0.64765625 0.5486111111111112 0.65078125 0.5319444444444444 0.65625 0.5208333333333334 0.665625 0.5125 0.67421875 0.5111111111111111
1 0.4953125 0.525 0.5046875 0.5319444444444444 0.509375 0.5402777777777777 0.5140625 0.5638888888888889 0.51015625 0.5888888888888889 0.5046875 0.5986111111111111 0.49609375 0.6055555555555555 0.48359375 0.6041666666666666 0.47421875 0.5944444444444444 0.46875 0.5833333333333334 0.46640625 0.5708333333333333 0.46796875 0.55 0.47578125 0.5319444444444444 0.484375 0.525 0.49453125 0.525
1 0.5609375 0.6180555555555556 0.5734375 0.6361111111111111 0.57578125 0.6472222222222223 0.57578125 0.6597222222222222 0.56953125 0.6833333333333333 0.55546875 0.6958333333333333 0.53984375 0.6888888888888889 0.53203125 0.6736111111111112 0.52890625 0.6527777777777778 0.5328125 0.6333333333333333 0.53984375 0.6222222222222222 0.54921875 0.6166666666666667 0.56015625 0.6180555555555556
1 0.73359375 0.6027777777777777 0.740625 0.6055555555555555 0.746875 0.6125 0.753125 0.6291666666666667 0.753125 0.6458333333333334 0.75 0.6625 0.74296875 0.6736111111111112 0.7359375 0.6791666666666667 0.7203125 0.6763888888888889 0.7125 0.6652777777777777 0.709375 0.6555555555555556 0.709375 0.6347222222222222 0.71484375 0.6166666666666667 0.7234375 0.6055555555555555 0.7328125 0.6027777777777777
1 0.49921875 0.7166666666666667 0.50859375 0.7236111111111111 0.515625 0.7361111111111112 0.51796875 0.75 0.5171875 0.7638888888888888 0.5125 0.7805555555555556 0.5046875 0.7902777777777777 0.49921875 0.7930555555555555 0.48359375 0.7875 0.47578125 0.775 0.47265625 0.7625 0.4734375 0.7402777777777778 0.4765625 0.7319444444444444 0.4859375 0.7194444444444444 0.4984375 0.7166666666666667