0 0.52265625 0.4236111111111111 0.53359375 0.42777777777777776 0.54375 0.44583333333333336 0.5453125 0.46944444444444444 0.540625 0.4888888888888889 0.53203125 0.5013888888888889 0.51796875 0.5041666666666667 0.51015625 0.4986111111111111 0.50234375 0.4847222222222222 0.49921875 0.4666666666666667 0.50078125 0.44583333333333336 0.51015625 0.42916666666666664 0.515625 0.425 0.521875 0.425
0 0.46328125 0.5222222222222223 0.4703125 0.525 0.47890625 0.5347222222222222 0.48359375 0.5458333333333333 0.48515625 0.5583333333333333 0.484375 0.5722222222222222 0.48125 0.5847222222222223 0.47265625 0.5986111111111111 0.46328125 0.6041666666666666 0.45546875 0.6027777777777777 0.44765625 0.5958333333333333 0.44140625 0.5847222222222223 0.4390625 0.5722222222222222 0.4390625 0.5555555555555556 0.4421875 0.5402777777777777 0.4484375 0.5291666666666667 0.4625 0.5222222222222223
0 0.53359375 0.625 0.54296875 0.6402777777777777 0.5453125 0.65 0.5453125 0.6652777777777777 0.540625 0.6861111111111111 0.53359375 0.6972222222222222 0.5265625 0.7013888888888888 0.5140625 0.7 0.50546875 0.6902777777777778 0.49921875 0.6708333333333333 0.49921875 0.6527777777777778 0.5015625 0.6402777777777777 0.5078125 0.6291666666666667 0.51484375 0.6222222222222222 0.52578125 0.6208333333333333 0.5328125 0.625
0 0.35 0.6236111111111111 0.3546875 0.6277777777777778 0.36171875 0.6416666666666667 0.36328125 0.6638888888888889 0.3578125 0.6861111111111111 0.3515625 0.6958333333333333 0.3453125 0.7 0.334375 0.6986111111111111 0.32421875 0.6861111111111111 0.31953125 0.6694444444444444 0.31953125 0.65 0.3234375 0.6375 0.33046875 0.6263888888888889 0.3375 0.6208333333333333 0.34921875 0.6236111111111111
0 0.3421875 0.7180555555555556 0.34921875 0.7208333333333333 0.35703125 0.7291666666666666 0.36328125 0.75 0.36328125 0.7652777777777777 0.359375 0.7819444444444444 0.353125 0.7930555555555555 0.3453125 0.7986111111111112 0.3375 0.7986111111111112 0.3296875 0.7930555555555555 0.32109375 0.7763888888888889 0.31875 0.7638888888888888 0.31953125 0.7472222222222222 0.3234375 0.7347222222222223 0.33203125 0.7222222222222222 0.34140625 0.7180555555555556
0 0.7078125 0.7194444444444444 0.7140625 0.7222222222222222 0.7234375 0.7333333333333333 0.728125 0.7513888888888889 0.728125 0.7694444444444445 0.7234375 0.7861111111111111 0.71640625 0.7958333333333333 0.71015625 0.8 0.6953125 0.7972222222222223 0.6859375 0.7833333333333333 0.6828125 0.7708333333333334 0.6828125 0.75 0.68828125 0.7333333333333333 0.69609375 0.7222222222222222 0.70703125 0.7194444444444444
0 0.465625 0.7194444444444444 0.47421875 0.725 0.48125 0.7361111111111112 0.484375 0.7486111111111111 0.484375 0.7680555555555556 0.48046875 0.7833333333333333 0.47578125 0.7916666666666666 0.4640625 0.8013888888888889 0.4546875 0.8 0.4421875 0.7833333333333333 0.4390625 0.7708333333333334 0.4390625 0.7513888888888889 0.44140625 0.7402777777777778 0.45 0.725 0.4578125 0.7194444444444444 0.46484375 0.7194444444444444
1 0.47265625 0.42916666666666664 0.4828125 0.44583333333333336 0.484375 0.4708333333333333 0.48125 0.4847222222222222 0.4765625 0.49444444444444446 0.46484375 0.5041666666666667 0.4578125 0.5041666666666667 0.4453125 0.4930555555555556 0.44140625 0.48333333333333334 0.4390625 0.46111111111111114 0.4421875 0.44305555555555554 0.45234375 0.42777777777777776 0.46640625 0.425 0.471875 0.42916666666666664
1 0.53203125 0.33055555555555555 0.53671875 0.3347222222222222 0.54296875 0.3472222222222222 0.54453125 0.375 0.54296875 0.38333333333333336 0.53671875 0.3972222222222222 0.5265625 0.40555555555555556 0.51484375 0.4041666666666667 0.50390625 0.3888888888888889 0.5 0.3736111111111111 0.5 0.35694444444444445 0.503125 0.34444444444444444 0.515625 0.3277777777777778 0.52265625 0.3263888888888889 0.53125 0.33055555555555555
1 0.53125 0.525 0.54140625 0.5388888888888889 0.5453125 0.5611111111111111 0.54375 0.5763888888888888 0.53984375 0.5888888888888889 0.53359375 0.5986111111111111 0.5265625 0.6027777777777777 0.5171875 0.6027777777777777 0.5078125 0.5944444444444444 0.5015625 0.5805555555555556 0.49921875 0.5597222222222222 0.5015625 0.5444444444444444 0.51171875 0.5263888888888889 0.51640625 0.5236111111111111 0.53046875 0.525
1 0.47265625 0.33194444444444443 0.48125 0.34444444444444444 0.484375 0.35833333333333334 0.484375 0.37083333333333335 0.48046875 0.3888888888888889 0.47578125 0.3972222222222222 0.46640625 0.40555555555555556 0.45625 0.40555555555555556 0.4453125 0.39444444444444443 0.43984375 0.375 0.43984375 0.35694444444444445 0.44453125 0.3416666666666667 0.453125 0.33055555555555555 0.46640625 0.3277777777777778 0.471875 0.33194444444444443
1 0.5296875 0.7222222222222222 0.5375 0.7291666666666666 0.5421875 0.7388888888888889 0.5453125 0.7541666666666667 0.5453125 0.7666666666666667 0.53984375 0.7861111111111111 0.53359375 0.7958333333333333 0.52578125 0.8013888888888889 0.515625 0.8 0.50390625 0.7861111111111111 0.5 0.7680555555555556 0.5 0.75 0.50390625 0.7361111111111112 0.51015625 0.7263888888888889 0.51796875 0.7208333333333333 0.52890625 0.7222222222222222
1 0.4640625 0.6208333333333333 0.478125 0.6319444444444444 0.484375 0.6541666666666667 0.48359375 0.6736111111111112 0.48046875 0.6847222222222222 0.4734375 0.6958333333333333 0.465625 0.7013888888888888 0.45625 0.7013888888888888 0.44921875 0.6958333333333333 0.4421875 0.6847222222222222 0.4390625 0.6708333333333333 0.4390625 0.6555555555555556 0.44375 0.6361111111111111 0.4546875 0.6222222222222222 0.46328125 0.6208333333333333
1 0.7109375 0.6222222222222222 0.71796875 0.6277777777777778 0.72421875 0.6388888888888888 0.72734375 0.65 0.72734375 0.6694444444444444 0.725 0.6805555555555556 0.71875 0.6930555555555555 0.7078125 0.7013888888888888 0.69296875 0.6958333333333333 0.68671875 0.6861111111111111 0.6828125 0.6694444444444444 0.6828125 0.6527777777777778 0.68515625 0.6416666666666667 0.69140625 0.6291666666666667 0.70234375 0.6208333333333333 0.71015625 0.6222222222222222