0 0.46015625 0.6569444444444444 0.46875 0.6625 0.47734375 0.6763888888888889 0.48046875 0.6861111111111111 0.48203125 0.7013888888888888 0.48125 0.7152777777777778 0.47734375 0.7291666666666666 0.4703125 0.7402777777777778 0.4609375 0.7472222222222222 0.4515625 0.7472222222222222 0.44453125 0.7430555555555556 0.43515625 0.7305555555555555 0.43046875 0.7111111111111111 0.43046875 0.6916666666666667 0.4375 0.6708333333333333 0.4484375 0.6583333333333333 0.459375 0.6569444444444444
0 0.6 0.6486111111111111 0.609375 0.6583333333333333 0.61484375 0.6708333333333333 0.6171875 0.6833333333333333 0.6171875 0.6972222222222222 0.61328125 0.7166666666666667 0.60546875 0.7305555555555555 0.596875 0.7361111111111112 0.584375 0.7361111111111112 0.57265625 0.7222222222222222 0.5671875 0.7041666666666667 0.5671875 0.6819444444444445 0.571875 0.6652777777777777 0.58125 0.6513888888888889 0.58828125 0.6472222222222223 0.59921875 0.6486111111111111
0 0.59609375 0.42777777777777776 0.60546875 0.4361111111111111 0.6125 0.4527777777777778 0.61328125 0.48055555555555557 0.60859375 0.5 0.603125 0.5097222222222222 0.5921875 0.5166666666666667 0.58203125 0.5152777777777777 0.5703125 0.5041666666666667 0.5640625 0.4875 0.56328125 0.4625 0.56640625 0.44722222222222224 0.57421875 0.43333333333333335 0.584375 0.4263888888888889 0.5953125 0.42777777777777776
0 0.5328125 0.7625 0.5421875 0.7708333333333334 0.54921875 0.7847222222222222 0.5515625 0.7958333333333333 0.5515625 0.8166666666666667 0.54921875 0.8277777777777777 0.5421875 0.8416666666666667 0.53125 0.85 0.52109375 0.85 0.51171875 0.8444444444444444 0.50390625 0.8305555555555556 0.5 0.8083333333333333 0.5015625 0.7916666666666666 0.51171875 0.7708333333333334 0.521875 0.7625 0.53203125 0.7625
0 0.53671875 0.8736111111111111 0.55 0.8902777777777777 0.553125 0.9 0.55390625 0.9194444444444444 0.5515625 0.9361111111111111 0.546875 0.9472222222222222 0.53671875 0.9583333333333334 0.5296875 0.9611111111111111 0.521875 0.9597222222222223 0.5109375 0.95 0.50390625 0.9319444444444445 0.503125 0.9055555555555556 0.50703125 0.8930555555555556 0.51484375 0.8791666666666667 0.5265625 0.8722222222222222 0.5359375 0.8736111111111111
0 0.6 0.8666666666666667 0.61171875 0.875 0.61796875 0.8861111111111111 0.62109375 0.9 0.6203125 0.9222222222222223 0.6171875 0.9333333333333333 0.61015625 0.9458333333333333 0.6015625 0.9541666666666667 0.590625 0.9541666666666667 0.58203125 0.9486111111111111 0.5734375 0.9333333333333333 0.5703125 0.9194444444444444 0.57109375 0.8986111111111111 0.57578125 0.8833333333333333 0.58671875 0.8694444444444445 0.59921875 0.8666666666666667
0 0.6671875 0.8611111111111112 0.6765625 0.8666666666666667 0.68203125 0.875 0.68671875 0.8916666666666667 0.6875 0.9055555555555556 0.6796875 0.9333333333333333 0.67265625 0.9430555555555555 0.665625 0.9472222222222222 0.653125 0.9458333333333333 0.64609375 0.9375 0.6390625 0.9208333333333333 0.63828125 0.8986111111111111 0.640625 0.8833333333333333 0.64765625 0.8694444444444445 0.6578125 0.8611111111111112 0.66640625 0.8611111111111112
0 0.403125 0.8875 0.4140625 0.9027777777777778 0.4171875 0.9152777777777777 0.4171875 0.9361111111111111 0.41484375 0.9486111111111111 0.40703125 0.9638888888888889 0.39609375 0.9722222222222222 0.3859375 0.9722222222222222 0.37265625 0.9597222222222223 0.36640625 0.9388888888888889 0.365625 0.9208333333333333 0.36875 0.9069444444444444 0.37890625 0.8888888888888888 0.38828125 0.8833333333333333 0.396875 0.8833333333333333 0.40234375 0.8875
1 0.45625 0.5458333333333333 0.46328125 0.5486111111111112 0.47265625 0.5597222222222222 0.4796875 0.5847222222222223 0.4796875 0.6 0.475 0.6180555555555556 0.465625 0.6333333333333333 0.45625 0.6375 0.446875 0.6361111111111111 0.4375 0.6263888888888889 0.43046875 0.6125 0.428125 0.5972222222222222 0.42890625 0.5777777777777777 0.43359375 0.5625 0.4421875 0.55 0.45546875 0.5458333333333333
1 0.52890625 0.6527777777777778 0.5375 0.6583333333333333 0.5453125 0.6708333333333333 0.54921875 0.6847222222222222 0.55 0.7041666666666667 0.546875 0.7194444444444444 0.5390625 0.7347222222222223 0.52734375 0.7430555555555556 0.515625 0.7416666666666667 0.503125 0.7236111111111111 0.49921875 0.7069444444444445 0.49921875 0.6888888888888889 0.50078125 0.6777777777777778 0.5078125 0.6625 0.51640625 0.6541666666666667 0.528125 0.6527777777777778
1 0.59609375 0.7569444444444444 0.609375 0.7652777777777777 0.61484375 0.775 0.61875 0.7916666666666666 0.61875 0.8111111111111111 0.615625 0.8236111111111111 0.60859375 0.8375 0.59921875 0.8458333333333333 0.5890625 0.8458333333333333 0.58125 0.8402777777777778 0.57109375 0.8236111111111111 0.56875 0.8097222222222222 0.56875 0.7944444444444444 0.571875 0.7777777777777778 0.58046875 0.7638888888888888 0.5953125 0.7569444444444444
1 0.5953125 0.5375 0.60234375 0.5416666666666666 0.61015625 0.5527777777777778 0.6140625 0.5652777777777778 0.615625 0.5902777777777778 0.6125 0.6041666666666666 0.60546875 0.6194444444444445 0.59296875 0.6277777777777778 0.57890625 0.6236111111111111 0.56875 0.6083333333333333 0.565625 0.5944444444444444 0.56484375 0.5763888888888888 0.5671875 0.5625 0.57421875 0.5472222222222223 0.5828125 0.5388888888888889 0.59453125 0.5375
1 0.46171875 0.7680555555555556 0.47109375 0.7736111111111111 0.4796875 0.7875 0.4828125 0.7972222222222223 0.48359375 0.8208333333333333 0.48046875 0.8361111111111111 0.4765625 0.8444444444444444 0.46640625 0.8555555555555555 0.46015625 0.8583333333333333 0.4484375 0.8541666666666666 0.4375 0.8388888888888889 0.43359375 0.825 0.4328125 0.8041666666666667 0.43515625 0.7902777777777777 0.44375 0.775 0.45078125 0.7694444444444445 0.4609375 0.7680555555555556
1 0.53359375 0.5458333333333333 0.54375 0.5611111111111111 0.546875 0.5722222222222222 0.5484375 0.5916666666666667 0.54375 0.6125 0.534375 0.6277777777777778 0.52578125 0.6333333333333333 0.5171875 0.6333333333333333 0.50859375 0.6263888888888889 0.49765625 0.6013888888888889 0.496875 0.5819444444444445 0.5015625 0.5597222222222222 0.50859375 0.5486111111111112 0.51875 0.5416666666666666 0.52578125 0.5416666666666666 0.5328125 0.5458333333333333
1 0.7375 0.8569444444444444 0.74296875 0.8611111111111112 0.74921875 0.8722222222222222 0.75234375 0.8875 0.75234375 0.9027777777777778 0.7484375 0.9208333333333333 0.74140625 0.9333333333333333 0.73046875 0.9416666666666667 0.7203125 0.9402777777777778 0.7078125 0.9236111111111112 0.7046875 0.9083333333333333 0.7046875 0.8902777777777777 0.709375 0.8722222222222222 0.715625 0.8625 0.72421875 0.8555555555555555 0.73671875 0.8569444444444444
1 0.46328125 0.8777777777777778 0.47421875 0.8847222222222222 0.48125 0.8958333333333334 0.48515625 0.9111111111111111 0.48515625 0.9319444444444445 0.48203125 0.9458333333333333 0.475 0.9597222222222223 0.46015625 0.9680555555555556 0.45234375 0.9652777777777778 0.44453125 0.9583333333333334 0.43984375 0.95 0.43515625 0.9333333333333333 0.43515625 0.9138888888888889 0.43828125 0.8986111111111111 0.44609375 0.8847222222222222 0.45390625 0.8791666666666667 0.4625 0.8777777777777778