0 0.5828125 0.5555555555555556 0.5921875 0.5736111111111111 0.59375 0.5972222222222222 0.59140625 0.6083333333333333 0.58515625 0.6194444444444445 0.57578125 0.6263888888888889 0.5671875 0.6263888888888889 0.55859375 0.6194444444444445 0.55078125 0.6 0.55078125 0.5833333333333334 0.553125 0.5694444444444444 0.56015625 0.5569444444444445 0.57109375 0.5513888888888889 0.58203125 0.5555555555555556
0 0.52265625 0.8388888888888889 0.53203125 0.8527777777777777 0.53515625 0.8652777777777778 0.5359375 0.8791666666666667 0.53046875 0.9 0.5234375 0.9111111111111111 0.5171875 0.9152777777777777 0.51015625 0.9152777777777777 0.49765625 0.9041666666666667 0.49140625 0.8819444444444444 0.49140625 0.8680555555555556 0.49453125 0.8527777777777777 0.50078125 0.8416666666666667 0.50859375 0.8361111111111111 0.51875 0.8361111111111111 0.521875 0.8388888888888889
0 0.575 0.7388888888888889 0.58359375 0.7444444444444445 0.58828125 0.7513888888888889 0.59375 0.7694444444444445 0.59375 0.7888888888888889 0.59140625 0.8 0.5875 0.8083333333333333 0.5765625 0.8180555555555555 0.5671875 0.8180555555555555 0.5625 0.8138888888888889 0.553125 0.8 0.55078125 0.7888888888888889 0.55078125 0.7680555555555556 0.55546875 0.7513888888888889 0.56328125 0.7416666666666667 0.57421875 0.7388888888888889
0 0.6328125 0.8361111111111111 0.64453125 0.8444444444444444 0.65078125 0.8569444444444444 0.653125 0.8680555555555556 0.653125 0.8847222222222222 0.65078125 0.8972222222222223 0.64375 0.9097222222222222 0.63359375 0.9166666666666666 0.625 0.9152777777777777 0.615625 0.9041666666666667 0.6125 0.8972222222222223 0.609375 0.8805555555555555 0.61015625 0.8652777777777778 0.61484375 0.8486111111111111 0.625 0.8375 0.63203125 0.8361111111111111
0 0.40703125 0.8375 0.41640625 0.8541666666666666 0.41796875 0.8777777777777778 0.4125 0.9 0.4 0.9125 0.3890625 0.9111111111111111 0.37890625 0.8972222222222223 0.37578125 0.8888888888888888 0.37421875 0.8638888888888889 0.3765625 0.8513888888888889 0.3890625 0.8347222222222223 0.40078125 0.8333333333333334 0.40625 0.8375
0 0.46015625 0.8347222222222223 0.4671875 0.8402777777777778 0.47421875 0.8527777777777777 0.4765625 0.8652777777777778 0.4765625 0.8805555555555555 0.4703125 0.9027777777777778 0.4578125 0.9138888888888889 0.44921875 0.9125 0.440625 0.9041666666666667 0.43359375 0.8875 0.43203125 0.8708333333333333 0.43515625 0.8527777777777777 0.44140625 0.8416666666666667 0.44921875 0.8347222222222223 0.459375 0.8347222222222223
0 0.69765625 0.8402777777777778 0.70546875 0.8486111111111111 0.709375 0.8583333333333333 0.71171875 0.8680555555555556 0.71171875 0.8847222222222222 0.70703125 0.9041666666666667 0.7 0.9125 0.6921875 0.9166666666666666 0.68046875 0.9125 0.67421875 0.9041666666666667 0.66875 0.8861111111111111 0.66875 0.8666666666666667 0.671875 0.8541666666666666 0.67734375 0.8430555555555556 0.68515625 0.8375 0.696875 0.8402777777777778
0 0.51953125 0.7388888888888889 0.52890625 0.7486111111111111 0.5328125 0.7569444444444444 0.5359375 0.7694444444444445 0.5359375 0.7861111111111111 0.5328125 0.7986111111111112 0.5265625 0.8097222222222222 0.51484375 0.8180555555555555 0.50625 0.8152777777777778 0.496875 0.8041666666666667 0.4921875 0.7847222222222222 0.4921875 0.7694444444444445 0.49453125 0.7569444444444444 0.5015625 0.7444444444444445 0.50859375 0.7388888888888889 0.51875 0.7388888888888889
1 0.45625 0.6416666666666667 0.46875 0.6486111111111111 0.47421875 0.6583333333333333 0.47734375 0.6694444444444444 0.478125 0.6888888888888889 0.4734375 0.7055555555555556 0.4640625 0.7194444444444444 0.45234375 0.7208333333333333 0.44375 0.7138888888888889 0.43671875 0.7 0.43515625 0.6722222222222223 0.4390625 0.6569444444444444 0.45 0.6430555555555556 0.45546875 0.6430555555555556
1 0.51953125 0.5513888888888889 0.52421875 0.5541666666666667 0.5328125 0.5666666666666667 0.5359375 0.5777777777777777 0.53671875 0.5916666666666667 0.53359375 0.6083333333333333 0.52734375 0.6194444444444445 0.51796875 0.6263888888888889 0.50625 0.6236111111111111 0.49765625 0.6125 0.49375 0.6 0.49296875 0.5791666666666667 0.49609375 0.5652777777777778 0.50078125 0.5569444444444445 0.50859375 0.5513888888888889 0.51875 0.5513888888888889
1 0.57734375 0.8361111111111111 0.5828125 0.8402777777777778 0.59140625 0.8555555555555555 0.59453125 0.8694444444444445 0.59453125 0.8833333333333333 0.5921875 0.8972222222222223 0.58828125 0.9055555555555556 0.575 0.9166666666666666 0.565625 0.9152777777777777 0.553125 0.8986111111111111 0.55 0.8861111111111111 0.55 0.8680555555555556 0.55234375 0.8569444444444444 0.5578125 0.8444444444444444 0.56796875 0.8361111111111111 0.5765625 0.8361111111111111
1 0.5765625 0.6444444444444445 0.5828125 0.6486111111111111 0.590625 0.6611111111111111 0.59453125 0.6847222222222222 0.59375 0.6944444444444444 0.58984375 0.7069444444444445 0.58515625 0.7152777777777778 0.57265625 0.7236111111111111 0.5640625 0.7208333333333333 0.55390625 0.7069444444444445 0.55078125 0.6958333333333333 0.55 0.6791666666666667 0.55390625 0.6611111111111111 0.5578125 0.6527777777777778 0.56484375 0.6458333333333334 0.57578125 0.6444444444444445
1 0.45859375 0.7375 0.46796875 0.7430555555555556 0.4734375 0.7527777777777778 0.47734375 0.7680555555555556 0.47734375 0.7833333333333333 0.47421875 0.7972222222222223 0.4703125 0.8069444444444445 0.46015625 0.8166666666666667 0.44921875 0.8166666666666667 0.44296875 0.8111111111111111 0.43671875 0.7986111111111112 0.43359375 0.7791666666666667 0.43515625 0.7611111111111111 0.44140625 0.7458333333333333 0.44921875 0.7388888888888889 0.4578125 0.7375
1 0.34453125 0.8333333333333334 0.35546875 0.8472222222222222 0.35859375 0.8583333333333333 0.359375 0.8722222222222222 0.35859375 0.8833333333333333 0.353125 0.9 0.3421875 0.9111111111111111 0.33125 0.9097222222222222 0.3234375 0.9013888888888889 0.31640625 0.8819444444444444 0.31640625 0.8611111111111112 0.31953125 0.8486111111111111 0.3265625 0.8375 0.3359375 0.8319444444444445 0.34375 0.8333333333333334
1 0.51953125 0.6430555555555556 0.52734375 0.65 0.5328125 0.6611111111111111 0.5359375 0.6722222222222223 0.5359375 0.6902777777777778 0.5328125 0.7041666666666667 0.52578125 0.7166666666666667 0.5171875 0.7222222222222222 0.50546875 0.7194444444444444 0.49765625 0.7097222222222223 0.49375 0.6972222222222222 0.4921875 0.6819444444444445 0.49453125 0.6638888888888889 0.50234375 0.6486111111111111 0.51015625 0.6430555555555556 0.51875 0.6430555555555556
1 0.63515625 0.7402777777777778 0.64765625 0.7527777777777778 0.65234375 0.7708333333333334 0.65234375 0.7847222222222222 0.65078125 0.7972222222222223 0.646875 0.8069444444444445 0.63828125 0.8166666666666667 0.63046875 0.8194444444444444 0.621875 0.8166666666666667 0.6140625 0.8055555555555556 0.609375 0.7902777777777777 0.609375 0.7680555555555556 0.61171875 0.7569444444444444 0.61796875 0.7458333333333333 0.62578125 0.7402777777777778 0.634375 0.7402777777777778