0 0.39453125 0.7402777777777778 0.403125 0.75 0.4078125 0.7611111111111111 0.41015625 0.7722222222222223 0.41015625 0.7847222222222222 0.40703125 0.8013888888888889 0.4015625 0.8138888888888889 0.38984375 0.825 0.3734375 0.8208333333333333 0.36484375 0.8069444444444445 0.3609375 0.7888888888888889 0.3609375 0.7694444444444445 0.365625 0.7541666666666667 0.37578125 0.7402777777777778 0.38359375 0.7375 0.39375 0.7402777777777778
0 0.52421875 0.30972222222222223 0.5328125 0.31666666666666665 0.53984375 0.33055555555555555 0.5421875 0.3416666666666667 0.5421875 0.35694444444444445 0.53671875 0.38055555555555554 0.5328125 0.3875 0.52109375 0.3958333333333333 0.5109375 0.39444444444444443 0.49765625 0.37916666666666665 0.49375 0.3638888888888889 0.49296875 0.34444444444444444 0.496875 0.3277777777777778 0.503125 0.31666666666666665 0.51328125 0.30972222222222223 0.5234375 0.30972222222222223
0 0.52265625 0.7375 0.5328125 0.7444444444444445 0.53828125 0.7541666666666667 0.5421875 0.7652777777777777 0.5421875 0.7861111111111111 0.53984375 0.8 0.534375 0.8138888888888889 0.5203125 0.8263888888888888 0.5140625 0.8263888888888888 0.5046875 0.8208333333333333 0.49609375 0.8069444444444445 0.49296875 0.7930555555555555 0.49296875 0.775 0.496875 0.7555555555555555 0.5046875 0.7430555555555556 0.51328125 0.7375 0.521875 0.7375
0 0.528125 0.6333333333333333 0.5328125 0.6375 0.54140625 0.6555555555555556 0.54140625 0.6861111111111111 0.5375 0.7 0.5328125 0.7083333333333334 0.51875 0.7180555555555556 0.50703125 0.7138888888888889 0.496875 0.7 0.49296875 0.6805555555555556 0.49375 0.6597222222222222 0.496875 0.6472222222222223 0.509375 0.6319444444444444 0.52265625 0.6305555555555555 0.52734375 0.6333333333333333
0 0.39609375 0.5263888888888889 0.40078125 0.5305555555555556 0.4078125 0.5458333333333333 0.41015625 0.5569444444444445 0.41015625 0.5722222222222222 0.4046875 0.5930555555555556 0.3984375 0.6041666666666666 0.39140625 0.6097222222222223 0.3796875 0.6097222222222223 0.36953125 0.6 0.3625 0.5847222222222223 0.36171875 0.5583333333333333 0.365625 0.5416666666666666 0.37421875 0.5277777777777778 0.38203125 0.5236111111111111 0.3953125 0.5263888888888889
0 0.45703125 0.6305555555555555 0.465625 0.6361111111111111 0.47109375 0.6444444444444445 0.475 0.6555555555555556 0.4765625 0.6708333333333333 0.47578125 0.6833333333333333 0.47109375 0.7 0.46328125 0.7125 0.453125 0.7180555555555556 0.44375 0.7166666666666667 0.43203125 0.7027777777777777 0.42734375 0.6875 0.42734375 0.6625 0.42890625 0.6527777777777778 0.43828125 0.6361111111111111 0.44609375 0.6305555555555555 0.45625 0.6305555555555555
1 0.52890625 0.42083333333333334 0.5359375 0.42916666666666664 0.53984375 0.4388888888888889 0.5421875 0.4652777777777778 0.5390625 0.48055555555555557 0.53359375 0.4930555555555556 0.52109375 0.5027777777777778 0.5109375 0.5013888888888889 0.5015625 0.4930555555555556 0.49453125 0.4777777777777778 0.49296875 0.45555555555555555 0.496875 0.43472222222222223 0.503125 0.4236111111111111 0.5125 0.4166666666666667 0.52265625 0.4166666666666667 0.528125 0.42083333333333334
1 0.45625 0.5236111111111111 0.4671875 0.5319444444444444 0.471875 0.5402777777777777 0.47578125 0.5583333333333333 0.475 0.5791666666666667 0.47109375 0.5930555555555556 0.46328125 0.6055555555555555 0.45625 0.6097222222222223 0.44609375 0.6097222222222223 0.43984375 0.6055555555555555 0.43125 0.5930555555555556 0.42734375 0.5791666666666667 0.42734375 0.5555555555555556 0.43203125 0.5388888888888889 0.4421875 0.5263888888888889 0.45546875 0.5236111111111111
1 0.52265625 0.5236111111111111 0.53671875 0.5375 0.53984375 0.5444444444444444 0.5421875 0.5597222222222222 0.54140625 0.5777777777777777 0.5375 0.5916666666666667 0.53046875 0.6041666666666666 0.52265625 0.6097222222222223 0.5125 0.6097222222222223 0.50078125 0.6 0.49609375 0.5902777777777778 0.49296875 0.5736111111111111 0.49453125 0.55 0.50234375 0.5319444444444444 0.509375 0.525 0.521875 0.5236111111111111
1 0.38828125 0.6305555555555555 0.4 0.6388888888888888 0.40625 0.65 0.41015625 0.6694444444444444 0.40859375 0.6875 0.4046875 0.7 0.39140625 0.7166666666666667 0.3796875 0.7166666666666667 0.37265625 0.7111111111111111 0.36484375 0.6986111111111111 0.3609375 0.6777777777777778 0.3625 0.6569444444444444 0.36796875 0.6430555555555556 0.37578125 0.6333333333333333 0.3875 0.6305555555555555
1 0.32265625 0.7388888888888889 0.33359375 0.7472222222222222 0.3390625 0.7555555555555555 0.3421875 0.7652777777777777 0.34375 0.7805555555555556 0.3390625 0.8069444444444445 0.33046875 0.8208333333333333 0.3234375 0.825 0.315625 0.825 0.30546875 0.8180555555555555 0.29921875 0.8055555555555556 0.2953125 0.7888888888888889 0.2953125 0.7694444444444445 0.29921875 0.7555555555555555 0.3109375 0.7402777777777778 0.321875 0.7388888888888889
1 0.46015625 0.7402777777777778 0.471875 0.7555555555555555 0.47578125 0.7722222222222223 0.47578125 0.7888888888888889 0.47109375 0.8069444444444445 0.46328125 0.8194444444444444 0.45546875 0.825 0.44375 0.8236111111111111 0.434375 0.8138888888888889 0.42734375 0.7944444444444444 0.42734375 0.7708333333333334 0.43125 0.7555555555555555 0.43828125 0.7444444444444445 0.4453125 0.7388888888888889 0.459375 0.7402777777777778