0 0.4671875 0.5236111111111111 0.47578125 0.5305555555555556 0.48203125 0.5416666666666666 0.484375 0.5513888888888889 0.484375 0.5708333333333333 0.47734375 0.5916666666666667 0.4703125 0.6 0.4625 0.6041666666666666 0.45234375 0.6 0.44296875 0.5875 0.4390625 0.5708333333333333 0.4390625 0.5583333333333333 0.44140625 0.5430555555555555 0.4484375 0.5291666666666667 0.45625 0.5236111111111111 0.46640625 0.5236111111111111
0 0.3453125 0.6208333333333333 0.3546875 0.6277777777777778 0.359375 0.6361111111111111 0.36328125 0.6569444444444444 0.359375 0.6819444444444445 0.35234375 0.6944444444444444 0.346875 0.6986111111111111 0.3359375 0.6986111111111111 0.328125 0.6916666666666667 0.32109375 0.675 0.31953125 0.6583333333333333 0.32265625 0.6388888888888888 0.328125 0.6291666666666667 0.334375 0.6222222222222222 0.34453125 0.6208333333333333
0 0.34609375 0.7194444444444444 0.35234375 0.7236111111111111 0.359375 0.7347222222222223 0.36328125 0.7513888888888889 0.3625 0.7680555555555556 0.359375 0.7805555555555556 0.35546875 0.7888888888888889 0.346875 0.7972222222222223 0.33671875 0.7972222222222223 0.33046875 0.7930555555555555 0.32421875 0.7833333333333333 0.31875 0.7625 0.31953125 0.7472222222222222 0.32421875 0.7333333333333333 0.334375 0.7208333333333333 0.3453125 0.7194444444444444
0 0.58828125 0.7194444444444444 0.5953125 0.7236111111111111 0.60234375 0.7347222222222223 0.60625 0.75 0.60625 0.7652777777777777 0.6046875 0.775 0.59921875 0.7888888888888889 0.59296875 0.7972222222222223 0.5859375 0.8013888888888889 0.5765625 0.8 0.56875 0.7930555555555555 0.56171875 0.7763888888888889 0.56015625 0.7597222222222222 0.5625 0.7416666666666667 0.5703125 0.725 0.57578125 0.7208333333333333 0.5875 0.7194444444444444
0 0.5234375 0.6208333333333333 0.5375 0.6291666666666667 0.54296875 0.6402777777777777 0.5453125 0.6513888888888889 0.54453125 0.6694444444444444 0.53984375 0.6861111111111111 0.534375 0.6958333333333333 0.525 0.7013888888888888 0.51484375 0.7 0.50703125 0.6916666666666667 0.5015625 0.6805555555555556 0.49921875 0.6666666666666666 0.49921875 0.6527777777777778 0.503125 0.6375 0.5140625 0.6222222222222222 0.52265625 0.6208333333333333
0 0.71171875 0.7208333333333333 0.71953125 0.7277777777777777 0.725 0.7375 0.728125 0.7513888888888889 0.728125 0.7680555555555556 0.72421875 0.7833333333333333 0.7203125 0.7902777777777777 0.7078125 0.8 0.69609375 0.7972222222222223 0.68671875 0.7847222222222222 0.6828125 0.7694444444444445 0.6828125 0.7513888888888889 0.68828125 0.7333333333333333 0.6953125 0.7236111111111111 0.7015625 0.7194444444444444 0.7109375 0.7208333333333333
0 0.47265625 0.7236111111111111 0.48359375 0.7430555555555556 0.484375 0.7666666666666667 0.48046875 0.7819444444444444 0.47578125 0.7902777777777777 0.46484375 0.8 0.45390625 0.7986111111111112 0.4421875 0.7833333333333333 0.4390625 0.7694444444444445 0.43984375 0.7472222222222222 0.44453125 0.7333333333333333 0.453125 0.7222222222222222 0.46640625 0.7194444444444444 0.471875 0.7236111111111111
0 0.521875 0.4236111111111111 0.53671875 0.4305555555555556 0.54296875 0.44305555555555554 0.5453125 0.45555555555555555 0.5453125 0.46944444444444444 0.53984375 0.49027777777777776 0.53203125 0.5013888888888889 0.51953125 0.5041666666666667 0.5109375 0.4986111111111111 0.5015625 0.48194444444444445 0.49921875 0.4597222222222222 0.50234375 0.44166666666666665 0.51015625 0.42916666666666664 0.52109375 0.425
1 0.53359375 0.33194444444444443 0.54296875 0.3472222222222222 0.54453125 0.36944444444444446 0.540625 0.3888888888888889 0.534375 0.4 0.52734375 0.40555555555555556 0.515625 0.4041666666666667 0.50859375 0.3972222222222222 0.50078125 0.37916666666666665 0.5 0.35833333333333334 0.5046875 0.3402777777777778 0.515625 0.3277777777777778 0.52734375 0.3277777777777778 0.5328125 0.33194444444444443
1 0.53046875 0.525 0.53671875 0.5305555555555556 0.54296875 0.5444444444444444 0.54453125 0.5513888888888889 0.54453125 0.5722222222222222 0.540625 0.5861111111111111 0.534375 0.5972222222222222 0.5265625 0.6027777777777777 0.515625 0.6013888888888889 0.50859375 0.5944444444444444 0.50078125 0.5777777777777777 0.49921875 0.5597222222222222 0.5015625 0.5430555555555555 0.5109375 0.5277777777777778 0.5171875 0.5236111111111111 0.5296875 0.525
1 0.47109375 0.625 0.478125 0.6319444444444444 0.4828125 0.6444444444444445 0.484375 0.6555555555555556 0.48359375 0.6722222222222223 0.47734375 0.6902777777777778 0.46484375 0.7013888888888888 0.45625 0.7013888888888888 0.44765625 0.6944444444444444 0.44140625 0.6819444444444445 0.4390625 0.6583333333333333 0.4421875 0.6402777777777777 0.44921875 0.6277777777777778 0.45703125 0.6222222222222222 0.4671875 0.6222222222222222 0.4703125 0.625
1 0.46640625 0.3277777777777778 0.48046875 0.3416666666666667 0.484375 0.35555555555555557 0.484375 0.37222222222222223 0.47734375 0.39444444444444443 0.465625 0.40555555555555556 0.4546875 0.4041666666666667 0.44765625 0.3972222222222222 0.44296875 0.3888888888888889 0.43984375 0.3736111111111111 0.440625 0.3527777777777778 0.4453125 0.3388888888888889 0.45703125 0.3277777777777778 0.465625 0.3277777777777778
1 0.534375 0.725 0.54296875 0.7402777777777778 0.5453125 0.7569444444444444 0.54453125 0.7694444444444445 0.540625 0.7833333333333333 0.53515625 0.7930555555555555 0.521875 0.8013888888888889 0.51171875 0.7972222222222223 0.5046875 0.7875 0.50078125 0.775 0.5 0.7486111111111111 0.50390625 0.7361111111111112 0.51484375 0.7222222222222222 0.528125 0.7208333333333333 0.53359375 0.725
1 0.46328125 0.425 0.47734375 0.43472222222222223 0.48203125 0.4444444444444444 0.484375 0.45555555555555555 0.484375 0.4708333333333333 0.48046875 0.4861111111111111 0.47421875 0.49722222222222223 0.4640625 0.5041666666666667 0.45625 0.5027777777777778 0.446875 0.49444444444444446 0.4421875 0.4861111111111111 0.43984375 0.4736111111111111 0.43984375 0.4527777777777778 0.44453125 0.4375 0.453125 0.42777777777777776 0.4625 0.425
1 0.71328125 0.6236111111111111 0.71796875 0.6277777777777778 0.7265625 0.6472222222222223 0.7265625 0.6736111111111112 0.71875 0.6930555555555555 0.70625 0.7013888888888888 0.69453125 0.6972222222222222 0.68828125 0.6888888888888889 0.6828125 0.6694444444444444 0.6828125 0.6513888888888889 0.68671875 0.6375 0.6953125 0.625 0.70234375 0.6208333333333333 0.7125 0.6236111111111111
1 0.64921875 0.7208333333333333 0.66015625 0.7305555555555555 0.6640625 0.7388888888888889 0.6671875 0.7527777777777778 0.6671875 0.7638888888888888 0.66484375 0.7791666666666667 0.66171875 0.7861111111111111 0.6515625 0.7986111111111112 0.64609375 0.8013888888888889 0.6390625 0.8013888888888889 0.6296875 0.7930555555555555 0.62265625 0.7763888888888889 0.62109375 0.7583333333333333 0.62421875 0.7402777777777778 0.6296875 0.7291666666666666 0.63671875 0.7222222222222222 0.6484375 0.7208333333333333