0 0.4671875 0.875 0.48046875 0.8944444444444445 0.48359375 0.9111111111111111 0.48359375 0.9236111111111112 0.48046875 0.9375 0.4734375 0.9513888888888888 0.4609375 0.9611111111111111 0.45078125 0.9597222222222223 0.44140625 0.9513888888888888 0.434375 0.9375 0.43203125 0.9138888888888889 0.434375 0.8986111111111111 0.44609375 0.8777777777777778 0.45234375 0.8736111111111111 0.46640625 0.875
0 0.46015625 0.5472222222222223 0.4671875 0.5541666666666667 0.4734375 0.5666666666666667 0.4765625 0.5805555555555556 0.4765625 0.5986111111111111 0.4703125 0.6208333333333333 0.45625 0.6347222222222222 0.4453125 0.6347222222222222 0.43515625 0.6263888888888889 0.428125 0.6125 0.425 0.5902777777777778 0.42734375 0.5708333333333333 0.43515625 0.5541666666666667 0.44921875 0.5444444444444444 0.459375 0.5472222222222223
0 0.58828125 0.4263888888888889 0.59609375 0.4305555555555556 0.6015625 0.4375 0.609375 0.4597222222222222 0.609375 0.48055555555555557 0.60703125 0.4930555555555556 0.6 0.5083333333333333 0.58984375 0.5166666666666667 0.58046875 0.5166666666666667 0.56875 0.5083333333333333 0.56171875 0.49444444444444446 0.559375 0.48194444444444445 0.56015625 0.45555555555555555 0.56640625 0.4388888888888889 0.57421875 0.42916666666666664 0.5875 0.4263888888888889
0 0.59296875 0.6458333333333334 0.60390625 0.6541666666666667 0.61015625 0.6666666666666666 0.6125 0.6763888888888889 0.6125 0.6986111111111111 0.609375 0.7125 0.60234375 0.7263888888888889 0.59140625 0.7347222222222223 0.58046875 0.7333333333333333 0.5671875 0.7166666666666667 0.56328125 0.7 0.56328125 0.6805555555555556 0.5671875 0.6652777777777777 0.57421875 0.6527777777777778 0.58515625 0.6458333333333334 0.5921875 0.6458333333333334
0 0.66796875 0.7527777777777778 0.678125 0.7694444444444445 0.68046875 0.7791666666666667 0.68046875 0.7944444444444444 0.67890625 0.8055555555555556 0.67265625 0.8236111111111111 0.66640625 0.8319444444444445 0.659375 0.8361111111111111 0.65078125 0.8361111111111111 0.640625 0.8277777777777777 0.63203125 0.8083333333333333 0.63125 0.7861111111111111 0.63359375 0.7736111111111111 0.64453125 0.7541666666666667 0.653125 0.7486111111111111 0.66171875 0.7486111111111111 0.6671875 0.7527777777777778
0 0.73046875 0.8513888888888889 0.73515625 0.8541666666666666 0.74453125 0.8680555555555556 0.74765625 0.8805555555555555 0.74765625 0.8986111111111111 0.74296875 0.9180555555555555 0.73515625 0.9319444444444445 0.7265625 0.9375 0.71640625 0.9361111111111111 0.7046875 0.9236111111111112 0.69921875 0.9069444444444444 0.69921875 0.8861111111111111 0.70234375 0.8722222222222222 0.71015625 0.8583333333333333 0.71953125 0.8513888888888889 0.7296875 0.8513888888888889
0 0.7265625 0.6361111111111111 0.73515625 0.6430555555555556 0.7421875 0.6555555555555556 0.7453125 0.6694444444444444 0.7453125 0.6847222222222222 0.74140625 0.7027777777777777 0.73359375 0.7166666666666667 0.725 0.7236111111111111 0.715625 0.7236111111111111 0.70546875 0.7166666666666667 0.69765625 0.7 0.69609375 0.6722222222222223 0.69921875 0.6583333333333333 0.70546875 0.6458333333333334 0.7140625 0.6375 0.72578125 0.6361111111111111
0 0.45703125 0.7638888888888888 0.46640625 0.7680555555555556 0.47265625 0.775 0.47890625 0.7888888888888889 0.48125 0.8013888888888889 0.48046875 0.8222222222222222 0.4765625 0.8347222222222223 0.4671875 0.8472222222222222 0.45703125 0.8527777777777777 0.446875 0.85 0.440625 0.8444444444444444 0.434375 0.8347222222222223 0.43046875 0.8194444444444444 0.43046875 0.8 0.434375 0.7833333333333333 0.4421875 0.7708333333333334 0.45625 0.7638888888888888
0 0.59609375 0.8625 0.60859375 0.8722222222222222 0.6125 0.8791666666666667 0.61640625 0.8986111111111111 0.615625 0.9166666666666666 0.6125 0.9291666666666667 0.6078125 0.9388888888888889 0.596875 0.9486111111111111 0.58359375 0.9472222222222222 0.575 0.9388888888888889 0.56796875 0.9222222222222223 0.56640625 0.9041666666666667 0.5703125 0.8819444444444444 0.57578125 0.8722222222222222 0.58671875 0.8625 0.5953125 0.8625
0 0.79765625 0.7416666666666667 0.803125 0.7472222222222222 0.81015625 0.7638888888888888 0.81015625 0.7930555555555555 0.80078125 0.8166666666666667 0.7890625 0.825 0.77734375 0.8222222222222222 0.76875 0.8111111111111111 0.7640625 0.7930555555555555 0.7640625 0.7694444444444445 0.76796875 0.7569444444444444 0.77890625 0.7416666666666667 0.78359375 0.7388888888888889 0.79375 0.7388888888888889 0.796875 0.7416666666666667
0 0.79765625 0.8472222222222222 0.8046875 0.8541666666666666 0.809375 0.8638888888888889 0.8125 0.8763888888888889 0.8125 0.8916666666666667 0.8078125 0.9125 0.8015625 0.9236111111111112 0.790625 0.9319444444444445 0.78046875 0.9305555555555556 0.7703125 0.9180555555555555 0.765625 0.9055555555555556 0.76484375 0.8791666666666667 0.76875 0.8652777777777778 0.77890625 0.85 0.7859375 0.8458333333333333 0.796875 0.8472222222222222
0 0.65390625 0.4222222222222222 0.6609375 0.425 0.6671875 0.43194444444444446 0.67265625 0.44305555555555554 0.67578125 0.45555555555555555 0.67578125 0.48055555555555557 0.67265625 0.4930555555555556 0.66640625 0.5041666666666667 0.65625 0.5125 0.64765625 0.5125 0.63984375 0.5083333333333333 0.6296875 0.49166666666666664 0.6265625 0.4777777777777778 0.6265625 0.45416666666666666 0.6328125 0.4361111111111111 0.6421875 0.425 0.653125 0.4222222222222222
1 0.45546875 0.4361111111111111 0.4671875 0.44722222222222224 0.471875 0.4583333333333333 0.47421875 0.46944444444444444 0.47421875 0.49166666666666664 0.4703125 0.5069444444444444 0.465625 0.5152777777777777 0.45390625 0.525 0.44453125 0.525 0.43203125 0.5152777777777777 0.42578125 0.5013888888888889 0.4234375 0.4722222222222222 0.42734375 0.45555555555555555 0.434375 0.44166666666666665 0.4453125 0.43472222222222223 0.4546875 0.4361111111111111
1 0.66328125 0.5361111111111111 0.67109375 0.5458333333333333 0.6765625 0.5597222222222222 0.6765625 0.5916666666666667 0.6734375 0.6027777777777777 0.66796875 0.6125 0.6609375 0.6194444444444445 0.653125 0.6222222222222222 0.64296875 0.6194444444444445 0.63203125 0.6041666666666666 0.628125 0.5875 0.628125 0.5666666666666667 0.63203125 0.5513888888888889 0.6390625 0.5388888888888889 0.65 0.5319444444444444 0.6625 0.5361111111111111
1 0.58984375 0.31805555555555554 0.59765625 0.325 0.6046875 0.3388888888888889 0.6078125 0.3541666666666667 0.6078125 0.36944444444444446 0.6046875 0.38472222222222224 0.59609375 0.4013888888888889 0.58515625 0.4083333333333333 0.5734375 0.40555555555555556 0.56328125 0.39305555555555555 0.5578125 0.375 0.55703125 0.3541666666666667 0.5625 0.33194444444444443 0.56953125 0.32222222222222224 0.578125 0.31666666666666665 0.5890625 0.31805555555555554
1 0.6609375 0.8569444444444444 0.66875 0.8611111111111112 0.6765625 0.8708333333333333 0.68203125 0.8902777777777777 0.68203125 0.9055555555555556 0.67890625 0.9208333333333333 0.671875 0.9347222222222222 0.659375 0.9444444444444444 0.65 0.9430555555555555 0.63671875 0.9263888888888889 0.63359375 0.9152777777777777 0.6328125 0.8944444444444445 0.63671875 0.8777777777777778 0.64140625 0.8680555555555556 0.64765625 0.8611111111111112 0.66015625 0.8569444444444444
1 0.5890625 0.5361111111111111 0.59921875 0.5430555555555555 0.6078125 0.5569444444444445 0.61015625 0.5652777777777778 0.6109375 0.5888888888888889 0.6078125 0.6041666666666666 0.603125 0.6138888888888889 0.5875 0.6263888888888889 0.5765625 0.6236111111111111 0.56640625 0.6111111111111112 0.56171875 0.5958333333333333 0.5609375 0.5736111111111111 0.56328125 0.5611111111111111 0.5703125 0.5458333333333333 0.57734375 0.5388888888888889 0.58828125 0.5361111111111111
1 0.6546875 0.6402777777777777 0.6609375 0.6416666666666667 0.6703125 0.65 0.67734375 0.6652777777777777 0.67890625 0.6777777777777778 0.678125 0.6986111111111111 0.6734375 0.7138888888888889 0.6625 0.7277777777777777 0.65 0.7305555555555555 0.6390625 0.7222222222222222 0.63046875 0.7027777777777777 0.6296875 0.6777777777777778 0.63359375 0.6611111111111111 0.640625 0.6486111111111111 0.646875 0.6430555555555556 0.65390625 0.6416666666666667
1 0.73046875 0.5319444444444444 0.74140625 0.5513888888888889 0.74375 0.5638888888888889 0.74375 0.5763888888888888 0.7390625 0.5986111111111111 0.73203125 0.6097222222222223 0.72265625 0.6166666666666667 0.70859375 0.6138888888888889 0.6984375 0.5986111111111111 0.6953125 0.5861111111111111 0.6953125 0.5638888888888889 0.69921875 0.5458333333333333 0.70859375 0.5319444444444444 0.71875 0.5277777777777778 0.7296875 0.5319444444444444
1 0.39375 0.8777777777777778 0.40078125 0.8819444444444444 0.4109375 0.8958333333333334 0.41484375 0.9097222222222222 0.41484375 0.9333333333333333 0.4109375 0.9486111111111111 0.40625 0.9569444444444445 0.39921875 0.9638888888888889 0.390625 0.9666666666666667 0.37578125 0.9583333333333334 0.36796875 0.9458333333333333 0.36484375 0.9333333333333333 0.36484375 0.9125 0.36875 0.8972222222222223 0.37578125 0.8847222222222222 0.38359375 0.8791666666666667 0.39296875 0.8777777777777778
1 0.59140625 0.7541666666666667 0.59921875 0.7569444444444444 0.60625 0.7638888888888888 0.61328125 0.7805555555555556 0.6140625 0.8069444444444445 0.61015625 0.8222222222222222 0.60234375 0.8361111111111111 0.5875 0.8430555555555556 0.575 0.8347222222222223 0.5671875 0.8208333333333333 0.56484375 0.8083333333333333 0.56484375 0.7902777777777777 0.56796875 0.7763888888888889 0.5765625 0.7611111111111111 0.584375 0.7555555555555555 0.590625 0.7555555555555555
1 0.73515625 0.75 0.7421875 0.7611111111111111 0.7453125 0.7708333333333334 0.7453125 0.8 0.7390625 0.8180555555555555 0.7234375 0.8319444444444445 0.7125 0.8291666666666667 0.70234375 0.8152777777777778 0.6984375 0.8013888888888889 0.6984375 0.7763888888888889 0.70234375 0.7625 0.71328125 0.7472222222222222 0.728125 0.7444444444444445 0.734375 0.75
1 0.46015625 0.6569444444444444 0.46875 0.6638888888888889 0.47421875 0.6736111111111112 0.47890625 0.6930555555555555 0.47890625 0.7069444444444445 0.47578125 0.7222222222222222 0.46875 0.7361111111111112 0.4546875 0.7458333333333333 0.44453125 0.7430555555555556 0.43203125 0.7263888888888889 0.428125 0.7083333333333334 0.428125 0.6902777777777778 0.43203125 0.675 0.440625 0.6611111111111111 0.4484375 0.6555555555555556 0.459375 0.6569444444444444
1 0.45390625 0.325 0.46171875 0.33194444444444443 0.46953125 0.3472222222222222 0.471875 0.35833333333333334 0.471875 0.3819444444444444 0.46953125 0.39305555555555555 0.4640625 0.4041666666666667 0.45078125 0.4152777777777778 0.4375 0.4125 0.428125 0.4013888888888889 0.4234375 0.3888888888888889 0.42109375 0.36527777777777776 0.425 0.34444444444444444 0.4328125 0.33055555555555555 0.4421875 0.3236111111111111 0.453125 0.325