0 0.51640625 0.5541666666666667 0.52265625 0.5569444444444445 0.52734375 0.5638888888888889 0.53203125 0.5847222222222223 0.52890625 0.6083333333333333 0.52578125 0.6166666666666667 0.51875 0.625 0.50390625 0.6222222222222222 0.496875 0.6111111111111112 0.49375 0.5958333333333333 0.49453125 0.5791666666666667 0.49765625 0.5666666666666667 0.50546875 0.5569444444444445 0.515625 0.5541666666666667
0 0.684375 0.7430555555555556 0.69296875 0.75 0.69921875 0.7611111111111111 0.703125 0.7791666666666667 0.703125 0.7930555555555555 0.69921875 0.8083333333333333 0.6921875 0.8180555555555555 0.6859375 0.8222222222222222 0.67734375 0.8222222222222222 0.66796875 0.8166666666666667 0.659375 0.8 0.65703125 0.7861111111111111 0.6578125 0.7694444444444445 0.6609375 0.7569444444444444 0.66875 0.7458333333333333 0.68359375 0.7430555555555556
0 0.62578125 0.36944444444444446 0.63203125 0.3736111111111111 0.6375 0.38333333333333336 0.640625 0.4041666666666667 0.63671875 0.425 0.6296875 0.4361111111111111 0.62109375 0.44166666666666665 0.6125 0.44027777777777777 0.60234375 0.42777777777777776 0.5984375 0.4125 0.5984375 0.39861111111111114 0.603125 0.3819444444444444 0.61015625 0.37222222222222223 0.61875 0.3680555555555556 0.625 0.36944444444444446
0 0.62578125 0.8361111111111111 0.63671875 0.8472222222222222 0.64296875 0.8708333333333333 0.64296875 0.8847222222222222 0.63984375 0.8986111111111111 0.63359375 0.9097222222222222 0.6265625 0.9138888888888889 0.61875 0.9138888888888889 0.60859375 0.9069444444444444 0.60234375 0.8930555555555556 0.59921875 0.8763888888888889 0.60078125 0.8569444444444444 0.6078125 0.8416666666666667 0.6171875 0.8347222222222223 0.625 0.8361111111111111
0 0.68984375 0.5541666666666667 0.69609375 0.5625 0.7 0.5736111111111111 0.70078125 0.5972222222222222 0.69921875 0.6055555555555555 0.6921875 0.6194444444444445 0.6828125 0.6263888888888889 0.66953125 0.6236111111111111 0.6609375 0.6125 0.65703125 0.6 0.65625 0.5805555555555556 0.6609375 0.5625 0.6703125 0.5513888888888889 0.68359375 0.55 0.6890625 0.5541666666666667
0 0.5140625 0.8236111111111111 0.51953125 0.8263888888888888 0.5265625 0.8375 0.53125 0.8611111111111112 0.53046875 0.8736111111111111 0.52734375 0.8847222222222222 0.51796875 0.8972222222222223 0.50859375 0.8972222222222223 0.5 0.8902777777777777 0.4921875 0.8694444444444445 0.49296875 0.8444444444444444 0.49765625 0.8319444444444445 0.5046875 0.8236111111111111 0.51328125 0.8236111111111111
0 0.74765625 0.8486111111111111 0.75546875 0.8541666666666666 0.7625 0.8652777777777778 0.76796875 0.8875 0.76796875 0.9027777777777778 0.765625 0.9138888888888889 0.75859375 0.9263888888888889 0.75 0.9319444444444445 0.73984375 0.9305555555555556 0.73125 0.9236111111111112 0.725 0.9138888888888889 0.71953125 0.8944444444444445 0.7203125 0.8736111111111111 0.7265625 0.8569444444444444 0.73671875 0.8486111111111111 0.746875 0.8486111111111111
0 0.51953125 0.7347222222222223 0.528125 0.7472222222222222 0.53125 0.7625 0.53125 0.7763888888888889 0.5265625 0.7944444444444444 0.5171875 0.8055555555555556 0.50625 0.8041666666666667 0.49921875 0.7972222222222223 0.49296875 0.7819444444444444 0.4921875 0.7638888888888888 0.49453125 0.75 0.5015625 0.7361111111111112 0.50859375 0.7319444444444444 0.51875 0.7347222222222223
0 0.625 0.6444444444444445 0.6359375 0.6541666666666667 0.63984375 0.6666666666666666 0.6421875 0.6847222222222222 0.63671875 0.7097222222222223 0.62578125 0.7208333333333333 0.615625 0.7208333333333333 0.6078125 0.7138888888888889 0.6015625 0.7027777777777777 0.5984375 0.6847222222222222 0.59921875 0.6708333333333333 0.60234375 0.6597222222222222 0.60859375 0.6486111111111111 0.6140625 0.6444444444444445 0.62421875 0.6444444444444445
1 0.62265625 0.7388888888888889 0.6328125 0.7458333333333333 0.6390625 0.7583333333333333 0.6421875 0.7736111111111111 0.6421875 0.7861111111111111 0.63828125 0.8027777777777778 0.63359375 0.8111111111111111 0.6265625 0.8166666666666667 0.61796875 0.8166666666666667 0.60859375 0.8083333333333333 0.60234375 0.7958333333333333 0.6 0.7833333333333333 0.6 0.7652777777777777 0.603125 0.7541666666666667 0.61328125 0.7402777777777778 0.621875 0.7388888888888889
1 0.51640625 0.4666666666666667 0.5234375 0.4708333333333333 0.5296875 0.48055555555555557 0.53203125 0.4930555555555556 0.53203125 0.5069444444444444 0.52578125 0.5291666666666667 0.51484375 0.5388888888888889 0.5046875 0.5347222222222222 0.49765625 0.5236111111111111 0.49453125 0.5 0.49609375 0.4888888888888889 0.5015625 0.475 0.50703125 0.46944444444444444 0.515625 0.4666666666666667
1 0.6828125 0.8416666666666667 0.696875 0.8555555555555555 0.70234375 0.8708333333333333 0.70390625 0.8833333333333333 0.703125 0.8986111111111111 0.7 0.9097222222222222 0.69453125 0.9180555555555555 0.68671875 0.9236111111111112 0.67734375 0.9222222222222223 0.6671875 0.9138888888888889 0.66015625 0.8972222222222223 0.6578125 0.8791666666666667 0.66015625 0.8611111111111112 0.6640625 0.8513888888888889 0.671875 0.8430555555555556 0.68203125 0.8416666666666667
1 0.51953125 0.6444444444444445 0.528125 0.6569444444444444 0.53125 0.6722222222222223 0.53125 0.6861111111111111 0.5265625 0.7041666666666667 0.51796875 0.7152777777777778 0.5078125 0.7138888888888889 0.49765625 0.7013888888888888 0.49375 0.6888888888888889 0.49375 0.6694444444444444 0.49609375 0.6583333333333333 0.50234375 0.6458333333333334 0.50625 0.6430555555555556 0.51875 0.6444444444444445
1 0.4640625 0.8180555555555555 0.47421875 0.8305555555555556 0.47890625 0.85 0.47890625 0.8638888888888889 0.4765625 0.8763888888888889 0.465625 0.8902777777777777 0.4578125 0.8902777777777777 0.45234375 0.8847222222222222 0.4453125 0.8722222222222222 0.44296875 0.8611111111111112 0.44296875 0.8444444444444444 0.4453125 0.8319444444444445 0.45390625 0.8194444444444444 0.46328125 0.8180555555555555
1 0.62421875 0.5513888888888889 0.63359375 0.5583333333333333 0.6375 0.5652777777777778 0.640625 0.5791666666666667 0.640625 0.5986111111111111 0.63671875 0.6138888888888889 0.63125 0.6222222222222222 0.62421875 0.6263888888888889 0.61796875 0.6263888888888889 0.6078125 0.6194444444444445 0.6015625 0.6069444444444444 0.59921875 0.5875 0.60078125 0.5708333333333333 0.60703125 0.5583333333333333 0.61484375 0.5513888888888889 0.6234375 0.5513888888888889
1 0.6859375 0.6472222222222223 0.69765625 0.6625 0.7015625 0.6791666666666667 0.7015625 0.6958333333333333 0.69375 0.7166666666666667 0.68515625 0.7236111111111111 0.6703125 0.7208333333333333 0.66015625 0.7041666666666667 0.65703125 0.6902777777777778 0.6578125 0.6708333333333333 0.66328125 0.6541666666666667 0.67421875 0.6458333333333334 0.68515625 0.6472222222222223
1 0.62734375 0.46111111111111114 0.6328125 0.4652777777777778 0.6375 0.4736111111111111 0.640625 0.4875 0.640625 0.5 0.63515625 0.5222222222222223 0.62421875 0.5333333333333333 0.615625 0.5333333333333333 0.60546875 0.5236111111111111 0.6 0.5083333333333333 0.59921875 0.49027777777777776 0.6015625 0.4777777777777778 0.60859375 0.4652777777777778 0.615625 0.4597222222222222 0.6265625 0.46111111111111114