0 0.68359375 0.2916666666666667 0.6875 0.2972222222222222 0.69296875 0.3138888888888889 0.69296875 0.33611111111111114 0.68515625 0.35555555555555557 0.67578125 0.3625 0.66328125 0.3597222222222222 0.65390625 0.3486111111111111 0.65 0.33611111111111114 0.64921875 0.31527777777777777 0.653125 0.3 0.6609375 0.28888888888888886 0.6765625 0.2861111111111111 0.6828125 0.2916666666666667
0 0.4984375 0.7666666666666667 0.50703125 0.775 0.51171875 0.7847222222222222 0.5140625 0.7958333333333333 0.5140625 0.8097222222222222 0.5109375 0.8277777777777777 0.5046875 0.8388888888888889 0.49765625 0.8458333333333333 0.48671875 0.8458333333333333 0.4796875 0.8402777777777778 0.4703125 0.825 0.46796875 0.8111111111111111 0.46953125 0.7875 0.4765625 0.7736111111111111 0.48671875 0.7652777777777777 0.49765625 0.7666666666666667
0 0.615625 0.7666666666666667 0.6234375 0.7722222222222223 0.6296875 0.7819444444444444 0.63515625 0.8069444444444445 0.63125 0.8305555555555556 0.6234375 0.8430555555555556 0.615625 0.8486111111111111 0.60546875 0.8472222222222222 0.596875 0.8388888888888889 0.59140625 0.8277777777777777 0.58828125 0.8083333333333333 0.59140625 0.7861111111111111 0.5984375 0.7736111111111111 0.60546875 0.7680555555555556 0.61484375 0.7666666666666667
0 0.6796875 0.6722222222222223 0.6890625 0.6833333333333333 0.69375 0.6986111111111111 0.69453125 0.7097222222222223 0.69296875 0.7263888888888889 0.6890625 0.7375 0.6765625 0.75 0.665625 0.7486111111111111 0.653125 0.7333333333333333 0.64921875 0.7208333333333333 0.64921875 0.7 0.653125 0.6861111111111111 0.66015625 0.675 0.66640625 0.6708333333333333 0.67890625 0.6722222222222223
0 0.4953125 0.6666666666666666 0.50703125 0.6763888888888889 0.51171875 0.6861111111111111 0.51484375 0.7013888888888888 0.5140625 0.7166666666666667 0.5109375 0.7305555555555555 0.5046875 0.7416666666666667 0.49765625 0.7472222222222222 0.4875 0.7472222222222222 0.4765625 0.7375 0.47109375 0.7263888888888889 0.46875 0.7125 0.46875 0.6986111111111111 0.47265625 0.6833333333333333 0.48359375 0.6694444444444444 0.49453125 0.6666666666666666
0 0.56328125 0.575 0.57265625 0.5930555555555556 0.57421875 0.6236111111111111 0.56484375 0.6458333333333334 0.55703125 0.6513888888888889 0.54296875 0.6486111111111111 0.5328125 0.6333333333333333 0.52890625 0.6166666666666667 0.52890625 0.5986111111111111 0.5359375 0.5805555555555556 0.54375 0.5722222222222222 0.55546875 0.5708333333333333 0.5625 0.575
0 0.44453125 0.38055555555555554 0.4546875 0.39861111111111114 0.45625 0.4263888888888889 0.45 0.4444444444444444 0.44296875 0.4527777777777778 0.43671875 0.45555555555555555 0.42578125 0.4527777777777778 0.4171875 0.44305555555555554 0.4109375 0.4236111111111111 0.4109375 0.40694444444444444 0.41640625 0.3888888888888889 0.425 0.37916666666666665 0.43828125 0.3763888888888889 0.44375 0.38055555555555554
0 0.5015625 0.37916666666666665 0.51171875 0.39166666666666666 0.515625 0.4097222222222222 0.515625 0.4222222222222222 0.50859375 0.44722222222222224 0.4953125 0.45694444444444443 0.4875 0.45555555555555555 0.4796875 0.44722222222222224 0.4734375 0.4361111111111111 0.4703125 0.41388888888888886 0.47421875 0.39305555555555555 0.48046875 0.38333333333333336 0.49375 0.3763888888888889 0.50078125 0.37916666666666665
0 0.67890625 0.3819444444444444 0.6859375 0.3888888888888889 0.690625 0.39861111111111114 0.69296875 0.40694444444444444 0.69375 0.4263888888888889 0.68984375 0.4444444444444444 0.684375 0.4527777777777778 0.67578125 0.4583333333333333 0.66328125 0.45555555555555555 0.65390625 0.4444444444444444 0.64921875 0.4305555555555556 0.6484375 0.4166666666666667 0.65 0.4027777777777778 0.65859375 0.3861111111111111 0.6671875 0.38055555555555554 0.678125 0.3819444444444444
0 0.43828125 0.6666666666666666 0.45078125 0.6833333333333333 0.45390625 0.6958333333333333 0.4546875 0.7111111111111111 0.45 0.7319444444444444 0.44296875 0.7416666666666667 0.43671875 0.7458333333333333 0.428125 0.7458333333333333 0.41640625 0.7375 0.41015625 0.7222222222222222 0.40859375 0.7013888888888888 0.4109375 0.6861111111111111 0.41796875 0.6736111111111112 0.42734375 0.6666666666666666 0.4375 0.6666666666666666
0 0.43828125 0.5694444444444444 0.44609375 0.5763888888888888 0.4515625 0.5861111111111111 0.4546875 0.5986111111111111 0.4546875 0.6208333333333333 0.453125 0.6291666666666667 0.44609375 0.6416666666666667 0.43515625 0.65 0.4296875 0.65 0.42109375 0.6444444444444445 0.41328125 0.6319444444444444 0.409375 0.6152777777777778 0.409375 0.6 0.4109375 0.5902777777777778 0.4171875 0.5777777777777777 0.42734375 0.5694444444444444 0.4375 0.5694444444444444
0 0.565625 0.38472222222222224 0.57421875 0.4041666666666667 0.575 0.42777777777777776 0.56875 0.44722222222222224 0.55859375 0.45694444444444443 0.54765625 0.45694444444444443 0.53671875 0.44583333333333336 0.53203125 0.4361111111111111 0.5296875 0.4097222222222222 0.534375 0.39305555555555555 0.5421875 0.3819444444444444 0.55859375 0.37916666666666665 0.56484375 0.38472222222222224
0 0.55390625 0.7652777777777777 0.56640625 0.775 0.57421875 0.7972222222222223 0.57421875 0.8180555555555555 0.57109375 0.8291666666666667 0.56640625 0.8388888888888889 0.55703125 0.8472222222222222 0.5484375 0.8472222222222222 0.53984375 0.8416666666666667 0.53203125 0.8291666666666667 0.528125 0.8111111111111111 0.52890625 0.7916666666666666 0.53125 0.7847222222222222 0.53984375 0.7708333333333334 0.553125 0.7652777777777777
0 0.49765625 0.28194444444444444 0.509375 0.2916666666666667 0.515625 0.30972222222222223 0.515625 0.3277777777777778 0.5125 0.34305555555555556 0.5046875 0.35555555555555557 0.49765625 0.3597222222222222 0.48984375 0.3597222222222222 0.48359375 0.35555555555555557 0.4734375 0.3388888888888889 0.471875 0.33055555555555555 0.471875 0.3111111111111111 0.4765625 0.29444444444444445 0.484375 0.2847222222222222 0.496875 0.28194444444444444
0 0.7390625 0.4791666666666667 0.75078125 0.49583333333333335 0.753125 0.5069444444444444 0.753125 0.5263888888888889 0.75 0.5402777777777777 0.74453125 0.55 0.73671875 0.5555555555555556 0.725 0.5541666666666667 0.71640625 0.5458333333333333 0.709375 0.5291666666666667 0.70859375 0.5055555555555555 0.709375 0.5 0.71796875 0.48333333333333334 0.7296875 0.47638888888888886 0.73828125 0.4791666666666667
0 0.73125 0.2861111111111111 0.74453125 0.29444444444444445 0.75 0.3055555555555556 0.75234375 0.31666666666666665 0.75234375 0.3333333333333333 0.74921875 0.3486111111111111 0.74453125 0.35694444444444445 0.73359375 0.3638888888888889 0.725 0.3625 0.7171875 0.35555555555555557 0.709375 0.3402777777777778 0.7078125 0.33055555555555555 0.7078125 0.31666666666666665 0.7125 0.3 0.72109375 0.28888888888888886 0.73046875 0.2861111111111111
1 0.440625 0.7680555555555556 0.45 0.7833333333333333 0.453125 0.7944444444444444 0.45390625 0.8111111111111111 0.4515625 0.8236111111111111 0.4453125 0.8361111111111111 0.43359375 0.8458333333333333 0.421875 0.8416666666666667 0.4140625 0.8333333333333334 0.40859375 0.8138888888888889 0.40859375 0.7958333333333333 0.4109375 0.7833333333333333 0.42109375 0.7680555555555556 0.4265625 0.7652777777777777 0.43671875 0.7652777777777777 0.43984375 0.7680555555555556
1 0.67890625 0.575 0.6859375 0.5819444444444445 0.690625 0.5916666666666667 0.69375 0.6069444444444444 0.69375 0.6194444444444445 0.68984375 0.6361111111111111 0.68515625 0.6444444444444445 0.67734375 0.6513888888888889 0.66640625 0.6513888888888889 0.65703125 0.6430555555555556 0.65 0.6263888888888889 0.6484375 0.6083333333333333 0.65078125 0.5944444444444444 0.65859375 0.5791666666666667 0.6671875 0.5736111111111111 0.678125 0.575
1 0.55390625 0.2833333333333333 0.56484375 0.28888888888888886 0.571875 0.3013888888888889 0.575 0.31527777777777777 0.575 0.32916666666666666 0.57109375 0.34444444444444444 0.5640625 0.35555555555555557 0.5578125 0.3597222222222222 0.54921875 0.3597222222222222 0.53984375 0.3527777777777778 0.53203125 0.33611111111111114 0.53046875 0.3263888888888889 0.53125 0.30972222222222223 0.5359375 0.29583333333333334 0.5421875 0.2875 0.553125 0.2833333333333333
1 0.678125 0.7694444444444445 0.68671875 0.7777777777777778 0.6921875 0.7902777777777777 0.69375 0.8194444444444444 0.68828125 0.8375 0.67734375 0.8486111111111111 0.66875 0.8486111111111111 0.6609375 0.8430555555555556 0.65078125 0.825 0.64921875 0.8125 0.65 0.7944444444444444 0.65703125 0.7777777777777778 0.6671875 0.7694444444444445 0.67734375 0.7694444444444445
1 0.5609375 0.6708333333333333 0.57109375 0.6861111111111111 0.57421875 0.7027777777777777 0.57421875 0.7166666666666667 0.56796875 0.7375 0.55625 0.7486111111111111 0.5421875 0.7444444444444445 0.5328125 0.7305555555555555 0.52890625 0.7152777777777778 0.52890625 0.6972222222222222 0.53203125 0.6861111111111111 0.54296875 0.6708333333333333 0.55 0.6680555555555555 0.56015625 0.6708333333333333
1 0.43515625 0.4722222222222222 0.44375 0.47638888888888886 0.44921875 0.48333333333333334 0.4546875 0.4986111111111111 0.45546875 0.5208333333333334 0.4515625 0.5361111111111111 0.440625 0.55 0.42890625 0.5513888888888889 0.41796875 0.5416666666666666 0.4109375 0.5222222222222223 0.4109375 0.4986111111111111 0.4140625 0.4888888888888889 0.4234375 0.47638888888888886 0.434375 0.4736111111111111
1 0.61640625 0.6694444444444444 0.6234375 0.675 0.63046875 0.6861111111111111 0.634375 0.7055555555555556 0.63125 0.7305555555555555 0.625 0.7416666666666667 0.61640625 0.7486111111111111 0.6078125 0.7486111111111111 0.5984375 0.7416666666666667 0.5921875 0.7305555555555555 0.5890625 0.7138888888888889 0.590625 0.6930555555555555 0.5984375 0.6763888888888889 0.6046875 0.6708333333333333 0.615625 0.6694444444444444
1 0.7359375 0.6722222222222223 0.7453125 0.6791666666666667 0.7515625 0.6916666666666667 0.75390625 0.7027777777777777 0.75390625 0.7194444444444444 0.75078125 0.7333333333333333 0.7453125 0.7444444444444445 0.7375 0.75 0.72890625 0.75 0.71953125 0.7444444444444445 0.71171875 0.7291666666666666 0.709375 0.7152777777777778 0.71015625 0.6958333333333333 0.71796875 0.6791666666666667 0.72421875 0.6736111111111112 0.73515625 0.6722222222222223
1 0.49765625 0.5708333333333333 0.50625 0.5777777777777777 0.51171875 0.5888888888888889 0.5140625 0.6 0.5140625 0.6194444444444445 0.5109375 0.6333333333333333 0.50546875 0.6430555555555556 0.49609375 0.65 0.48515625 0.6486111111111111 0.4734375 0.6333333333333333 0.4703125 0.6222222222222222 0.46953125 0.5986111111111111 0.4734375 0.5847222222222223 0.48046875 0.575 0.48671875 0.5708333333333333 0.496875 0.5708333333333333
1 0.49609375 0.4736111111111111 0.50546875 0.4791666666666667 0.51171875 0.49027777777777776 0.51484375 0.5041666666666667 0.51484375 0.5208333333333334 0.51171875 0.5347222222222222 0.5046875 0.5472222222222223 0.496875 0.5527777777777778 0.4890625 0.5527777777777778 0.48046875 0.5458333333333333 0.47421875 0.5361111111111111 0.4703125 0.5208333333333334 0.4703125 0.5041666666666667 0.4734375 0.49027777777777776 0.48359375 0.47638888888888886 0.4953125 0.4736111111111111
1 0.678125 0.4777777777777778 0.684375 0.48333333333333334 0.68984375 0.4930555555555556 0.69375 0.5111111111111111 0.6921875 0.5319444444444444 0.6890625 0.5416666666666666 0.678125 0.5541666666666667 0.66640625 0.5541666666666667 0.659375 0.5486111111111112 0.653125 0.5388888888888889 0.64921875 0.5222222222222223 0.65 0.5 0.6578125 0.48333333333333334 0.66796875 0.47638888888888886 0.67734375 0.4777777777777778
1 0.73359375 0.5736111111111111 0.74375 0.5805555555555556 0.75078125 0.5944444444444444 0.753125 0.6069444444444444 0.7515625 0.6319444444444444 0.74375 0.6472222222222223 0.7359375 0.6527777777777778 0.71953125 0.6472222222222223 0.7125 0.6347222222222222 0.709375 0.6208333333333333 0.709375 0.6 0.71171875 0.5916666666666667 0.72265625 0.5763888888888888 0.7328125 0.5736111111111111
1 0.74140625 0.7736111111111111 0.74609375 0.7777777777777778 0.75234375 0.7916666666666666 0.75390625 0.8208333333333333 0.75 0.8347222222222223 0.7453125 0.8430555555555556 0.73515625 0.85 0.72265625 0.8458333333333333 0.71328125 0.8319444444444445 0.71015625 0.8194444444444444 0.709375 0.8027777777777778 0.7125 0.7875 0.7203125 0.775 0.72578125 0.7708333333333334 0.7375 0.7708333333333334 0.740625 0.7736111111111111
1 0.56015625 0.47638888888888886 0.5640625 0.4791666666666667 0.57109375 0.49166666666666664 0.57421875 0.5027777777777778 0.57421875 0.5263888888888889 0.56640625 0.5458333333333333 0.55859375 0.5527777777777778 0.54765625 0.5527777777777778 0.5390625 0.5458333333333333 0.53125 0.5291666666666667 0.5296875 0.5041666666666667 0.53203125 0.4930555555555556 0.5390625 0.48055555555555557 0.5484375 0.475 0.559375 0.47638888888888886
1 0.73203125 0.3819444444444444 0.74453125 0.3902777777777778 0.75234375 0.4111111111111111 0.75234375 0.4305555555555556 0.74921875 0.44305555555555554 0.74453125 0.4527777777777778 0.73671875 0.4583333333333333 0.7265625 0.4583333333333333 0.71875 0.4527777777777778 0.7109375 0.4375 0.7078125 0.42083333333333334 0.709375 0.4041666666666667 0.7171875 0.3888888888888889 0.7234375 0.38333333333333336 0.73125 0.3819444444444444
1 0.61640625 0.5722222222222222 0.62421875 0.5777777777777777 0.63046875 0.5888888888888889 0.63359375 0.6 0.634375 0.6180555555555556 0.63203125 0.6319444444444444 0.6265625 0.6430555555555556 0.61328125 0.6527777777777778 0.603125 0.6486111111111111 0.59453125 0.6388888888888888 0.58984375 0.6222222222222222 0.5890625 0.6055555555555555 0.59140625 0.5916666666666667 0.59921875 0.5777777777777777 0.60703125 0.5722222222222222 0.615625 0.5722222222222222