0 0.49921875 0.5638888888888889 0.50859375 0.5708333333333333 0.515625 0.5819444444444445 0.51953125 0.6013888888888889 0.51953125 0.6166666666666667 0.51640625 0.6305555555555555 0.5078125 0.6458333333333334 0.49921875 0.6513888888888889 0.4875 0.65 0.478125 0.6402777777777777 0.4734375 0.6319444444444444 0.46953125 0.6097222222222223 0.471875 0.5861111111111111 0.47734375 0.5736111111111111 0.4875 0.5638888888888889 0.4984375 0.5638888888888889
0 0.5015625 0.7805555555555556 0.51171875 0.7902777777777777 0.515625 0.7986111111111112 0.51953125 0.8138888888888889 0.51953125 0.8347222222222223 0.515625 0.85 0.50859375 0.8625 0.4984375 0.8694444444444445 0.48671875 0.8680555555555556 0.4796875 0.8611111111111112 0.4734375 0.85 0.4703125 0.8388888888888889 0.46953125 0.8152777777777778 0.471875 0.8027777777777778 0.48046875 0.7861111111111111 0.48984375 0.7791666666666667 0.50078125 0.7805555555555556
0 0.44140625 0.7861111111111111 0.45078125 0.8027777777777778 0.45390625 0.8180555555555555 0.45390625 0.8291666666666667 0.45 0.8486111111111111 0.4421875 0.8625 0.4328125 0.8694444444444445 0.4234375 0.8694444444444445 0.41328125 0.8625 0.40546875 0.8444444444444444 0.403125 0.8166666666666667 0.40703125 0.7972222222222223 0.41484375 0.7847222222222222 0.42890625 0.7791666666666667 0.440625 0.7861111111111111
0 0.56953125 0.6736111111111112 0.578125 0.6819444444444445 0.5828125 0.6916666666666667 0.5859375 0.7125 0.58515625 0.725 0.5828125 0.7375 0.5765625 0.7513888888888889 0.5625 0.7611111111111111 0.55 0.7555555555555555 0.53984375 0.7402777777777778 0.53671875 0.7263888888888889 0.5359375 0.7083333333333334 0.53984375 0.6902777777777778 0.54921875 0.675 0.55546875 0.6708333333333333 0.565625 0.6708333333333333 0.56875 0.6736111111111112
0 0.36953125 0.6722222222222223 0.3828125 0.6888888888888889 0.38671875 0.7013888888888888 0.3875 0.7180555555555556 0.38515625 0.7361111111111112 0.38046875 0.7472222222222222 0.36796875 0.7597222222222222 0.35546875 0.7597222222222222 0.34609375 0.7513888888888889 0.33828125 0.7333333333333333 0.33671875 0.7069444444444445 0.340625 0.6902777777777778 0.34609375 0.6791666666666667 0.3578125 0.6708333333333333 0.36875 0.6722222222222223
0 0.296875 0.7791666666666667 0.31015625 0.7888888888888889 0.3171875 0.8013888888888889 0.31953125 0.8305555555555556 0.31640625 0.8486111111111111 0.31015625 0.8611111111111112 0.29609375 0.8694444444444445 0.2859375 0.8666666666666667 0.27578125 0.8555555555555555 0.2703125 0.8305555555555556 0.27109375 0.8097222222222222 0.27421875 0.7972222222222223 0.284375 0.7833333333333333 0.29609375 0.7791666666666667
0 0.63359375 0.7791666666666667 0.64140625 0.7847222222222222 0.6484375 0.7958333333333333 0.65234375 0.8097222222222222 0.653125 0.8236111111111111 0.6515625 0.8402777777777778 0.64765625 0.8541666666666666 0.64140625 0.8638888888888889 0.6296875 0.8708333333333333 0.61875 0.8666666666666667 0.6078125 0.8527777777777777 0.603125 0.8333333333333334 0.603125 0.8166666666666667 0.60703125 0.7972222222222223 0.61328125 0.7861111111111111 0.62109375 0.7791666666666667 0.6328125 0.7791666666666667
1 0.49609375 0.45694444444444443 0.51015625 0.4666666666666667 0.515625 0.47638888888888886 0.51875 0.49027777777777776 0.51875 0.5138888888888888 0.51640625 0.5222222222222223 0.509375 0.5361111111111111 0.49765625 0.5444444444444444 0.4828125 0.5388888888888889 0.4734375 0.5222222222222223 0.4703125 0.5083333333333333 0.4703125 0.49027777777777776 0.4734375 0.475 0.47890625 0.4652777777777778 0.48671875 0.4583333333333333 0.4953125 0.45694444444444443
1 0.49609375 0.6708333333333333 0.50703125 0.6777777777777778 0.515625 0.6916666666666667 0.51875 0.7041666666666667 0.51953125 0.7236111111111111 0.5171875 0.7361111111111112 0.51015625 0.7513888888888889 0.503125 0.7583333333333333 0.4953125 0.7611111111111111 0.4890625 0.7597222222222222 0.48125 0.7527777777777778 0.47421875 0.7402777777777778 0.4703125 0.7263888888888889 0.47109375 0.7 0.4765625 0.6833333333333333 0.48515625 0.6736111111111112 0.4953125 0.6708333333333333
1 0.571875 0.5680555555555555 0.58125 0.5819444444444445 0.584375 0.5944444444444444 0.58515625 0.6152777777777778 0.58125 0.6319444444444444 0.5765625 0.6416666666666667 0.56328125 0.6513888888888889 0.55390625 0.65 0.54296875 0.6375 0.53671875 0.6180555555555556 0.53671875 0.5958333333333333 0.540625 0.5805555555555556 0.54609375 0.5708333333333333 0.55234375 0.5652777777777778 0.565625 0.5638888888888889 0.57109375 0.5680555555555555
1 0.36640625 0.7805555555555556 0.37890625 0.7930555555555555 0.3859375 0.8138888888888889 0.3859375 0.8361111111111111 0.38359375 0.8472222222222222 0.37578125 0.8625 0.36640625 0.8694444444444445 0.35703125 0.8694444444444445 0.34765625 0.8625 0.33984375 0.8458333333333333 0.33671875 0.8263888888888888 0.3390625 0.8041666666666667 0.346875 0.7875 0.35546875 0.7805555555555556 0.365625 0.7805555555555556
1 0.57109375 0.7833333333333333 0.58359375 0.8041666666666667 0.5859375 0.8180555555555555 0.5859375 0.8333333333333334 0.5796875 0.8555555555555555 0.57265625 0.8652777777777778 0.565625 0.8694444444444445 0.55390625 0.8680555555555556 0.54765625 0.8625 0.53984375 0.8486111111111111 0.53671875 0.8305555555555556 0.53671875 0.8138888888888889 0.54140625 0.7958333333333333 0.54609375 0.7875 0.5578125 0.7791666666666667 0.5703125 0.7833333333333333
1 0.43515625 0.6722222222222223 0.44296875 0.6791666666666667 0.44921875 0.6916666666666667 0.45234375 0.7027777777777777 0.453125 0.7263888888888889 0.44921875 0.7416666666666667 0.44296875 0.7527777777777778 0.43125 0.7611111111111111 0.421875 0.7597222222222222 0.41484375 0.7527777777777778 0.4078125 0.7402777777777778 0.40390625 0.725 0.40390625 0.7027777777777777 0.40703125 0.6902777777777778 0.4140625 0.6777777777777778 0.425 0.6708333333333333 0.434375 0.6722222222222223