0 0.39609375 0.55 0.4046875 0.5569444444444445 0.40859375 0.5638888888888889 0.41171875 0.575 0.4125 0.5930555555555556 0.4078125 0.6111111111111112 0.40078125 0.6208333333333333 0.39375 0.625 0.3828125 0.6236111111111111 0.37265625 0.6097222222222223 0.36953125 0.5958333333333333 0.36953125 0.5791666666666667 0.3765625 0.5569444444444445 0.38671875 0.55 0.3953125 0.55
0 0.334375 0.8375 0.3390625 0.8402777777777778 0.346875 0.8541666666666666 0.34921875 0.8652777777777778 0.34921875 0.8777777777777778 0.34453125 0.9 0.33828125 0.9111111111111111 0.3296875 0.9180555555555555 0.31640625 0.9152777777777777 0.3078125 0.9027777777777778 0.30390625 0.8888888888888888 0.30390625 0.8694444444444445 0.30859375 0.8513888888888889 0.3140625 0.8430555555555556 0.321875 0.8375 0.33359375 0.8375
0 0.45625 0.375 0.46640625 0.3888888888888889 0.46953125 0.4111111111111111 0.46640625 0.42916666666666664 0.4609375 0.4388888888888889 0.453125 0.4444444444444444 0.4421875 0.44305555555555554 0.43359375 0.43194444444444446 0.42890625 0.4166666666666667 0.42890625 0.39861111111111114 0.43125 0.3875 0.4359375 0.37916666666666665 0.4484375 0.37222222222222223 0.45546875 0.375
0 0.50859375 0.7375 0.5140625 0.7430555555555556 0.51953125 0.7569444444444444 0.5203125 0.7819444444444444 0.51640625 0.7944444444444444 0.51015625 0.8055555555555556 0.5015625 0.8111111111111111 0.4890625 0.8041666666666667 0.48359375 0.7944444444444444 0.48046875 0.7777777777777778 0.48125 0.7638888888888888 0.484375 0.75 0.490625 0.7402777777777778 0.496875 0.7361111111111112 0.5078125 0.7375
0 0.509375 0.6458333333333334 0.51875 0.6611111111111111 0.52109375 0.6708333333333333 0.52109375 0.6875 0.51796875 0.7013888888888888 0.51015625 0.7152777777777778 0.5046875 0.7194444444444444 0.496875 0.7194444444444444 0.4875 0.7097222222222223 0.48359375 0.7013888888888888 0.48125 0.6777777777777778 0.484375 0.6583333333333333 0.48984375 0.65 0.49765625 0.6444444444444445 0.50859375 0.6458333333333334
0 0.3390625 0.45416666666666666 0.346875 0.4597222222222222 0.35234375 0.46944444444444444 0.35546875 0.4791666666666667 0.35625 0.49583333333333335 0.35390625 0.5083333333333333 0.346875 0.5222222222222223 0.33671875 0.5291666666666667 0.3265625 0.5263888888888889 0.3171875 0.5152777777777777 0.3125 0.5013888888888889 0.3125 0.48194444444444445 0.31640625 0.4666666666666667 0.32265625 0.4583333333333333 0.33828125 0.45416666666666666
0 0.2734375 0.8416666666666667 0.2796875 0.8472222222222222 0.28515625 0.8569444444444444 0.2875 0.8666666666666667 0.2875 0.8888888888888888 0.28359375 0.9041666666666667 0.2796875 0.9111111111111111 0.26796875 0.9222222222222223 0.2578125 0.9222222222222223 0.246875 0.9125 0.240625 0.8958333333333334 0.240625 0.8708333333333333 0.24375 0.8583333333333333 0.25078125 0.8458333333333333 0.25859375 0.8402777777777778 0.27265625 0.8416666666666667
0 0.51171875 0.8333333333333334 0.51953125 0.85 0.5203125 0.875 0.5109375 0.8972222222222223 0.50234375 0.9041666666666667 0.49375 0.9027777777777778 0.48359375 0.8902777777777777 0.48046875 0.8777777777777778 0.48125 0.8527777777777777 0.48671875 0.8375 0.49296875 0.8305555555555556 0.5015625 0.8277777777777777 0.5109375 0.8333333333333334
0 0.44921875 0.7361111111111112 0.4578125 0.7416666666666667 0.46484375 0.7555555555555555 0.46640625 0.7833333333333333 0.459375 0.8027777777777778 0.44765625 0.8138888888888889 0.44140625 0.8138888888888889 0.43515625 0.8097222222222222 0.42734375 0.7972222222222223 0.425 0.7861111111111111 0.425 0.7652777777777777 0.42734375 0.7541666666666667 0.43203125 0.7444444444444445 0.43828125 0.7388888888888889 0.4484375 0.7361111111111112
0 0.39765625 0.8375 0.4046875 0.8472222222222222 0.4078125 0.8569444444444444 0.40859375 0.8805555555555555 0.40078125 0.9027777777777778 0.38671875 0.9138888888888889 0.3765625 0.9111111111111111 0.36796875 0.8972222222222223 0.36484375 0.8833333333333333 0.365625 0.8597222222222223 0.36875 0.85 0.37890625 0.8361111111111111 0.39375 0.8347222222222223 0.396875 0.8375
0 0.50234375 0.4652777777777778 0.5078125 0.4666666666666667 0.5171875 0.4777777777777778 0.52109375 0.49166666666666664 0.521875 0.5111111111111111 0.51953125 0.5222222222222223 0.5140625 0.5319444444444444 0.5015625 0.5402777777777777 0.496875 0.5388888888888889 0.4875 0.5277777777777778 0.484375 0.5208333333333334 0.48203125 0.5 0.4828125 0.4875 0.4859375 0.4777777777777778 0.49375 0.46805555555555556 0.5015625 0.4652777777777778
1 0.40078125 0.7430555555555556 0.409375 0.7625 0.41015625 0.7847222222222222 0.40625 0.7986111111111112 0.40078125 0.8083333333333333 0.390625 0.8166666666666667 0.3796875 0.8152777777777778 0.36953125 0.8013888888888889 0.36640625 0.7861111111111111 0.36640625 0.7680555555555556 0.37109375 0.7513888888888889 0.3796875 0.7402777777777778 0.390625 0.7375 0.4 0.7430555555555556
1 0.45234375 0.5527777777777778 0.4640625 0.5666666666666667 0.46796875 0.5888888888888889 0.4640625 0.6111111111111112 0.4578125 0.6208333333333333 0.44921875 0.6263888888888889 0.4375 0.6236111111111111 0.43046875 0.6125 0.4265625 0.5972222222222222 0.4265625 0.5819444444444445 0.42890625 0.5680555555555555 0.434375 0.5583333333333333 0.44296875 0.5527777777777778 0.4515625 0.5527777777777778
1 0.5015625 0.5541666666666667 0.5125 0.5597222222222222 0.5203125 0.5777777777777777 0.52109375 0.5986111111111111 0.515625 0.6166666666666667 0.50703125 0.6263888888888889 0.4984375 0.6277777777777778 0.48828125 0.6194444444444445 0.48359375 0.6097222222222223 0.48203125 0.6 0.48359375 0.5722222222222222 0.4890625 0.5611111111111111 0.49609375 0.5555555555555556 0.50078125 0.5555555555555556
1 0.334375 0.6416666666666667 0.3453125 0.65 0.35078125 0.6611111111111111 0.353125 0.6722222222222223 0.35234375 0.6916666666666667 0.34921875 0.7027777777777777 0.34296875 0.7138888888888889 0.334375 0.7208333333333333 0.325 0.7208333333333333 0.31796875 0.7152777777777778 0.31015625 0.7013888888888888 0.3078125 0.6875 0.30859375 0.6680555555555555 0.3125 0.6555555555555556 0.31953125 0.6458333333333334 0.33359375 0.6416666666666667
1 0.33828125 0.5472222222222223 0.34609375 0.5541666666666667 0.35234375 0.5652777777777778 0.3546875 0.5791666666666667 0.3546875 0.5930555555555556 0.3515625 0.6055555555555555 0.34453125 0.6180555555555556 0.33828125 0.6236111111111111 0.32734375 0.6236111111111111 0.32109375 0.6194444444444445 0.31328125 0.6069444444444444 0.31015625 0.5930555555555556 0.31015625 0.5763888888888888 0.31640625 0.5569444444444445 0.325 0.5486111111111112 0.3375 0.5472222222222223
1 0.3375 0.7402777777777778 0.3484375 0.7555555555555555 0.35078125 0.7652777777777777 0.35078125 0.7861111111111111 0.34765625 0.7986111111111112 0.34140625 0.8111111111111111 0.3296875 0.8194444444444444 0.3203125 0.8180555555555555 0.3109375 0.8069444444444445 0.30625 0.7902777777777777 0.30625 0.7680555555555556 0.309375 0.7555555555555555 0.31484375 0.7458333333333333 0.32578125 0.7388888888888889 0.33671875 0.7402777777777778
1 0.45390625 0.8333333333333334 0.46015625 0.8402777777777778 0.46484375 0.8527777777777777 0.465625 0.8777777777777778 0.4578125 0.9 0.4453125 0.9097222222222222 0.43203125 0.9041666666666667 0.42734375 0.8958333333333334 0.4234375 0.8791666666666667 0.4234375 0.8652777777777778 0.425 0.8541666666666666 0.43359375 0.8361111111111111 0.44296875 0.8305555555555556 0.453125 0.8333333333333334
1 0.44921875 0.6430555555555556 0.46015625 0.6513888888888889 0.4671875 0.6708333333333333 0.4671875 0.6888888888888889 0.4640625 0.7027777777777777 0.4578125 0.7138888888888889 0.44921875 0.7208333333333333 0.44140625 0.7208333333333333 0.43515625 0.7152777777777778 0.42890625 0.7041666666666667 0.42578125 0.6902777777777778 0.42578125 0.675 0.42890625 0.6583333333333333 0.43828125 0.6458333333333334 0.4484375 0.6430555555555556
1 0.45703125 0.4652777777777778 0.4640625 0.475 0.46796875 0.4875 0.46875 0.5083333333333333 0.46328125 0.525 0.45234375 0.5361111111111111 0.4421875 0.5347222222222222 0.43203125 0.5222222222222223 0.428125 0.5097222222222222 0.42734375 0.4930555555555556 0.4296875 0.4777777777777778 0.43515625 0.46805555555555556 0.44296875 0.4625 0.453125 0.4625 0.45625 0.4652777777777778
1 0.3953125 0.6430555555555556 0.4046875 0.6513888888888889 0.4078125 0.6583333333333333 0.4109375 0.6680555555555555 0.41171875 0.6847222222222222 0.4078125 0.7027777777777777 0.40078125 0.7152777777777778 0.39375 0.7208333333333333 0.38203125 0.7194444444444444 0.371875 0.7069444444444445 0.36796875 0.6916666666666667 0.36796875 0.6722222222222223 0.37109375 0.6583333333333333 0.3765625 0.6486111111111111 0.3859375 0.6430555555555556 0.39453125 0.6430555555555556