0 0.45234375 0.8236111111111111 0.459375 0.8277777777777777 0.46796875 0.8402777777777778 0.471875 0.8625 0.46875 0.8833333333333333 0.46171875 0.8944444444444445 0.4515625 0.9013888888888889 0.44375 0.9013888888888889 0.434375 0.8944444444444445 0.428125 0.8847222222222222 0.42421875 0.8694444444444445 0.4265625 0.8444444444444444 0.4328125 0.8305555555555556 0.440625 0.825 0.4515625 0.8236111111111111
0 0.44921875 0.6222222222222222 0.4609375 0.6291666666666667 0.46796875 0.6416666666666667 0.47109375 0.6527777777777778 0.47109375 0.6708333333333333 0.4671875 0.6888888888888889 0.459375 0.6986111111111111 0.45078125 0.7041666666666667 0.440625 0.7027777777777777 0.43125 0.6958333333333333 0.42734375 0.6888888888888889 0.4234375 0.6694444444444444 0.42421875 0.65 0.428125 0.6375 0.43671875 0.625 0.4484375 0.6222222222222222
0 0.5203125 0.30277777777777776 0.53046875 0.3111111111111111 0.53671875 0.3236111111111111 0.5390625 0.3347222222222222 0.5390625 0.35555555555555557 0.5375 0.36527777777777776 0.5296875 0.38055555555555554 0.5171875 0.3902777777777778 0.5046875 0.3875 0.49375 0.3736111111111111 0.48828125 0.3541666666666667 0.48828125 0.3375 0.490625 0.3263888888888889 0.49921875 0.30833333333333335 0.51015625 0.3013888888888889 0.51953125 0.30277777777777776
0 0.51796875 0.7263888888888889 0.52578125 0.7319444444444444 0.5328125 0.7444444444444445 0.5359375 0.7583333333333333 0.5359375 0.7736111111111111 0.5328125 0.7847222222222222 0.52578125 0.7972222222222223 0.5140625 0.8055555555555556 0.50078125 0.8013888888888889 0.490625 0.7861111111111111 0.4875 0.7708333333333334 0.4875 0.7569444444444444 0.490625 0.7444444444444445 0.4984375 0.7305555555555555 0.5078125 0.725 0.5171875 0.7263888888888889
0 0.45703125 0.7277777777777777 0.46484375 0.7361111111111112 0.4703125 0.75 0.4703125 0.7791666666666667 0.46328125 0.7944444444444444 0.45625 0.8013888888888889 0.44609375 0.8041666666666667 0.4390625 0.8013888888888889 0.42734375 0.7861111111111111 0.4234375 0.7666666666666667 0.42421875 0.7541666666666667 0.42734375 0.7402777777777778 0.4375 0.7263888888888889 0.44921875 0.7236111111111111 0.45625 0.7277777777777777
0 0.58125 0.8263888888888888 0.5890625 0.8319444444444445 0.5953125 0.8416666666666667 0.59765625 0.85 0.5984375 0.8694444444444445 0.5921875 0.8902777777777777 0.5828125 0.9013888888888889 0.575 0.9041666666666667 0.565625 0.9013888888888889 0.55546875 0.8875 0.55234375 0.8763888888888889 0.5515625 0.8597222222222223 0.55390625 0.8458333333333333 0.559375 0.8347222222222223 0.5703125 0.8263888888888888 0.58046875 0.8263888888888888
0 0.64609375 0.8277777777777777 0.653125 0.8333333333333334 0.6609375 0.8472222222222222 0.6625 0.8708333333333333 0.66015625 0.8833333333333333 0.65625 0.8916666666666667 0.64296875 0.9041666666666667 0.6328125 0.9041666666666667 0.62265625 0.8958333333333334 0.615625 0.8777777777777778 0.61484375 0.8611111111111112 0.6203125 0.8416666666666667 0.62578125 0.8333333333333334 0.63359375 0.8277777777777777 0.6453125 0.8277777777777777
1 0.52265625 0.41388888888888886 0.52890625 0.42083333333333334 0.53515625 0.43333333333333335 0.53828125 0.45 0.53828125 0.4652777777777778 0.53359375 0.48055555555555557 0.528125 0.49027777777777776 0.5171875 0.4986111111111111 0.50703125 0.49722222222222223 0.49765625 0.4888888888888889 0.490625 0.4736111111111111 0.48828125 0.4486111111111111 0.49296875 0.42916666666666664 0.5 0.41805555555555557 0.5078125 0.4125 0.521875 0.41388888888888886
1 0.45078125 0.5180555555555556 0.4625 0.5277777777777778 0.46796875 0.5388888888888889 0.47109375 0.5513888888888889 0.47109375 0.5680555555555555 0.46796875 0.5833333333333334 0.4609375 0.5958333333333333 0.45234375 0.6013888888888889 0.44296875 0.6013888888888889 0.434375 0.5958333333333333 0.428125 0.5875 0.42265625 0.5680555555555555 0.42265625 0.5513888888888889 0.4265625 0.5347222222222222 0.43359375 0.5222222222222223 0.44140625 0.5180555555555556 0.45 0.5180555555555556
1 0.51484375 0.825 0.52421875 0.8305555555555556 0.53046875 0.8402777777777778 0.534375 0.8527777777777777 0.53515625 0.8652777777777778 0.53203125 0.8819444444444444 0.52578125 0.8944444444444445 0.51328125 0.9027777777777778 0.5015625 0.8986111111111111 0.49296875 0.8875 0.48828125 0.8694444444444445 0.48828125 0.8555555555555555 0.4890625 0.8486111111111111 0.49609375 0.8333333333333334 0.503125 0.8263888888888888 0.5140625 0.825
1 0.5125 0.6236111111111111 0.52109375 0.6263888888888889 0.52890625 0.6347222222222222 0.534375 0.6458333333333334 0.53671875 0.6597222222222222 0.53671875 0.6708333333333333 0.5328125 0.6861111111111111 0.5265625 0.6972222222222222 0.51796875 0.7041666666666667 0.5078125 0.7041666666666667 0.50078125 0.7 0.490625 0.6833333333333333 0.48828125 0.6708333333333333 0.48828125 0.6541666666666667 0.49296875 0.6402777777777777 0.4984375 0.6305555555555555 0.5046875 0.625 0.51171875 0.6236111111111111
1 0.52109375 0.5208333333333334 0.5328125 0.5361111111111111 0.53671875 0.55 0.5375 0.5694444444444444 0.5359375 0.5777777777777777 0.5296875 0.5916666666666667 0.515625 0.6027777777777777 0.50390625 0.6 0.49609375 0.5916666666666667 0.48984375 0.575 0.48828125 0.5527777777777778 0.490625 0.5402777777777777 0.5 0.5236111111111111 0.5078125 0.5194444444444445 0.5203125 0.5208333333333334
1 0.6484375 0.7291666666666666 0.6609375 0.7430555555555556 0.6640625 0.7541666666666667 0.6640625 0.7736111111111111 0.6625 0.7833333333333333 0.65703125 0.7944444444444444 0.6515625 0.8013888888888889 0.640625 0.8069444444444445 0.63125 0.8041666666666667 0.6234375 0.7958333333333333 0.6171875 0.7791666666666667 0.61640625 0.7666666666666667 0.61953125 0.75 0.6265625 0.7361111111111112 0.63828125 0.7277777777777777 0.64765625 0.7291666666666666