0 0.60234375 0.2152777777777778 0.6109375 0.22083333333333333 0.61796875 0.23194444444444445 0.62265625 0.24583333333333332 0.6234375 0.25416666666666665 0.62265625 0.2708333333333333 0.61796875 0.2861111111111111 0.61015625 0.2972222222222222 0.60390625 0.3013888888888889 0.5953125 0.3013888888888889 0.584375 0.29305555555555557 0.578125 0.28055555555555556 0.57578125 0.2652777777777778 0.5765625 0.24583333333333332 0.58046875 0.23333333333333334 0.5890625 0.21944444444444444 0.6015625 0.2152777777777778
0 0.546875 0.3236111111111111 0.55546875 0.3333333333333333 0.5609375 0.34444444444444444 0.5640625 0.36527777777777776 0.56171875 0.3819444444444444 0.55859375 0.3902777777777778 0.55078125 0.4027777777777778 0.54296875 0.40694444444444444 0.5328125 0.40555555555555556 0.52421875 0.3972222222222222 0.51875 0.3861111111111111 0.51484375 0.3638888888888889 0.5171875 0.3458333333333333 0.52265625 0.3333333333333333 0.53515625 0.32222222222222224 0.54609375 0.3236111111111111
0 0.55234375 0.7138888888888889 0.56015625 0.7194444444444444 0.565625 0.7277777777777777 0.5703125 0.7486111111111111 0.5671875 0.7722222222222223 0.5640625 0.7791666666666667 0.55390625 0.7902777777777777 0.54140625 0.7888888888888889 0.5328125 0.7805555555555556 0.52734375 0.7694444444444445 0.525 0.7541666666666667 0.52578125 0.7388888888888889 0.5328125 0.7222222222222222 0.540625 0.7152777777777778 0.5515625 0.7138888888888889
0 0.61015625 0.7097222222222223 0.62265625 0.7194444444444444 0.628125 0.7305555555555555 0.63046875 0.7444444444444445 0.6296875 0.7583333333333333 0.6234375 0.7763888888888889 0.6125 0.7875 0.6046875 0.7875 0.5953125 0.7805555555555556 0.58828125 0.7694444444444445 0.584375 0.7513888888888889 0.58515625 0.7375 0.59296875 0.7194444444444444 0.59921875 0.7125 0.609375 0.7097222222222223
0 0.428125 0.5291666666666667 0.4390625 0.5388888888888889 0.44609375 0.5583333333333333 0.44609375 0.5805555555555556 0.44296875 0.5930555555555556 0.4359375 0.6041666666666666 0.428125 0.6097222222222223 0.4203125 0.6097222222222223 0.4109375 0.6027777777777777 0.40390625 0.5902777777777778 0.40078125 0.5736111111111111 0.40078125 0.5597222222222222 0.403125 0.5472222222222223 0.40859375 0.5361111111111111 0.4171875 0.5291666666666667 0.42734375 0.5291666666666667
0 0.67578125 0.5180555555555556 0.68671875 0.5361111111111111 0.68828125 0.5569444444444445 0.68203125 0.5805555555555556 0.67109375 0.5930555555555556 0.66015625 0.5930555555555556 0.65078125 0.5861111111111111 0.64375 0.5708333333333333 0.64140625 0.5541666666666667 0.64375 0.5361111111111111 0.65 0.5222222222222223 0.6609375 0.5138888888888888 0.66953125 0.5138888888888888 0.675 0.5180555555555556
0 0.54375 0.4222222222222222 0.54921875 0.4236111111111111 0.559375 0.43472222222222223 0.56328125 0.44305555555555554 0.565625 0.45694444444444443 0.56484375 0.47638888888888886 0.5609375 0.49027777777777776 0.553125 0.5013888888888889 0.546875 0.5055555555555555 0.5375 0.5055555555555555 0.52578125 0.49583333333333335 0.51875 0.4777777777777778 0.51796875 0.4708333333333333 0.51875 0.44722222222222224 0.52109375 0.4388888888888889 0.52890625 0.42777777777777776 0.54296875 0.4222222222222222
0 0.6125 0.6138888888888889 0.62265625 0.625 0.62734375 0.6375 0.62890625 0.6541666666666667 0.6234375 0.6805555555555556 0.61953125 0.6875 0.609375 0.6944444444444444 0.59765625 0.6916666666666667 0.58515625 0.6736111111111112 0.5828125 0.6611111111111111 0.5828125 0.6444444444444445 0.584375 0.6347222222222222 0.5921875 0.6208333333333333 0.6015625 0.6138888888888889 0.61171875 0.6138888888888889
0 0.4875 0.6208333333333333 0.50078125 0.6305555555555555 0.50625 0.6402777777777777 0.509375 0.6541666666666667 0.50859375 0.6736111111111112 0.5046875 0.6861111111111111 0.4984375 0.6958333333333333 0.48984375 0.7013888888888888 0.48125 0.7 0.46953125 0.6888888888888889 0.46328125 0.6694444444444444 0.4625 0.6569444444444444 0.46640625 0.6375 0.47109375 0.6291666666666667 0.478125 0.6222222222222222 0.48671875 0.6208333333333333
0 0.4984375 0.7208333333333333 0.5078125 0.7347222222222223 0.5109375 0.7472222222222222 0.5109375 0.7625 0.50859375 0.775 0.50234375 0.7861111111111111 0.49453125 0.7930555555555555 0.48359375 0.7930555555555555 0.4734375 0.7833333333333333 0.46640625 0.7652777777777777 0.465625 0.7486111111111111 0.46953125 0.7319444444444444 0.478125 0.7194444444444444 0.490625 0.7166666666666667 0.49765625 0.7208333333333333
0 0.490625 0.3333333333333333 0.4953125 0.3388888888888889 0.5 0.35138888888888886 0.5015625 0.3611111111111111 0.50078125 0.3819444444444444 0.49765625 0.39444444444444443 0.4921875 0.4041666666666667 0.47890625 0.4125 0.46875 0.4083333333333333 0.459375 0.3958333333333333 0.4546875 0.3763888888888889 0.45546875 0.3527777777777778 0.46328125 0.3347222222222222 0.4703125 0.32916666666666666 0.48359375 0.3277777777777778 0.48984375 0.3333333333333333
0 0.5546875 0.525 0.5640625 0.5402777777777777 0.5671875 0.5527777777777778 0.5671875 0.5680555555555555 0.565625 0.5791666666666667 0.5609375 0.5902777777777778 0.5546875 0.5986111111111111 0.54765625 0.6027777777777777 0.540625 0.6027777777777777 0.52890625 0.5944444444444444 0.521875 0.5777777777777777 0.5203125 0.5555555555555556 0.52421875 0.5361111111111111 0.53125 0.525 0.53984375 0.5208333333333334 0.5484375 0.5208333333333334 0.55390625 0.525
1 0.4390625 0.725 0.44921875 0.7416666666666667 0.4515625 0.7527777777777778 0.4515625 0.7666666666666667 0.446875 0.7833333333333333 0.4359375 0.7958333333333333 0.4265625 0.7958333333333333 0.41640625 0.7875 0.40859375 0.7708333333333334 0.40703125 0.7527777777777778 0.409375 0.7388888888888889 0.4171875 0.725 0.42421875 0.7208333333333333 0.43828125 0.725
1 0.4921875 0.43194444444444446 0.503125 0.4513888888888889 0.5046875 0.4625 0.50390625 0.47638888888888886 0.5015625 0.4888888888888889 0.4953125 0.5013888888888889 0.484375 0.5097222222222222 0.4734375 0.5083333333333333 0.4625 0.49444444444444446 0.4578125 0.4777777777777778 0.4578125 0.45694444444444443 0.4625 0.44027777777777777 0.4734375 0.42777777777777776 0.48046875 0.4263888888888889 0.49140625 0.43194444444444446
1 0.60703125 0.3194444444444444 0.61640625 0.3277777777777778 0.621875 0.3388888888888889 0.62421875 0.35 0.62421875 0.36944444444444446 0.6203125 0.38472222222222224 0.61640625 0.39166666666666666 0.60859375 0.4 0.6 0.4027777777777778 0.590625 0.39861111111111114 0.58125 0.38472222222222224 0.578125 0.37222222222222223 0.578125 0.3486111111111111 0.58125 0.3375 0.58828125 0.325 0.5984375 0.31805555555555554 0.60625 0.3194444444444444
1 0.6109375 0.5180555555555556 0.61796875 0.5236111111111111 0.6234375 0.5333333333333333 0.62734375 0.5486111111111112 0.62734375 0.5638888888888889 0.62265625 0.5833333333333334 0.61953125 0.5888888888888889 0.61328125 0.5958333333333333 0.60625 0.5986111111111111 0.5953125 0.5958333333333333 0.584375 0.5805555555555556 0.58125 0.5708333333333333 0.58125 0.55 0.58515625 0.5333333333333333 0.59140625 0.5236111111111111 0.5984375 0.5180555555555556 0.61015625 0.5180555555555556
1 0.675 0.6138888888888889 0.68203125 0.6208333333333333 0.6875 0.6333333333333333 0.6890625 0.6583333333333333 0.68515625 0.6722222222222223 0.6796875 0.6819444444444445 0.67109375 0.6888888888888889 0.66171875 0.6888888888888889 0.65234375 0.6819444444444445 0.64609375 0.6708333333333333 0.64296875 0.65 0.64609375 0.6305555555555555 0.6546875 0.6166666666666667 0.66015625 0.6125 0.67421875 0.6138888888888889
1 0.54453125 0.22361111111111112 0.55078125 0.22916666666666666 0.5578125 0.24305555555555555 0.5609375 0.2652777777777778 0.56015625 0.275 0.5546875 0.2916666666666667 0.55 0.3 0.54296875 0.3055555555555556 0.53046875 0.30416666666666664 0.52109375 0.29444444444444445 0.51484375 0.2763888888888889 0.5140625 0.25555555555555554 0.51796875 0.2388888888888889 0.525 0.22777777777777777 0.5328125 0.2222222222222222 0.54375 0.22361111111111112
1 0.4328125 0.6277777777777778 0.43984375 0.6333333333333333 0.446875 0.6472222222222223 0.44921875 0.6569444444444444 0.44921875 0.6736111111111112 0.4453125 0.6888888888888889 0.44140625 0.6958333333333333 0.43125 0.7041666666666667 0.41796875 0.7 0.4078125 0.6847222222222222 0.40390625 0.6694444444444444 0.40390625 0.6513888888888889 0.40703125 0.6402777777777777 0.41484375 0.6291666666666667 0.41953125 0.6263888888888889 0.43203125 0.6277777777777778
1 0.55546875 0.6222222222222222 0.5609375 0.6277777777777778 0.5671875 0.6416666666666667 0.56875 0.6652777777777777 0.5671875 0.675 0.5609375 0.6888888888888889 0.54921875 0.6972222222222222 0.53828125 0.6958333333333333 0.53046875 0.6888888888888889 0.52421875 0.6722222222222223 0.52265625 0.65 0.5265625 0.6333333333333333 0.53671875 0.6208333333333333 0.54765625 0.6180555555555556 0.5546875 0.6222222222222222
1 0.67734375 0.7111111111111111 0.6828125 0.7166666666666667 0.6890625 0.7319444444444444 0.68984375 0.7527777777777778 0.684375 0.7708333333333334 0.6734375 0.7833333333333333 0.6609375 0.7833333333333333 0.6515625 0.775 0.6453125 0.7597222222222222 0.64453125 0.7430555555555556 0.64765625 0.7277777777777777 0.65390625 0.7152777777777778 0.66484375 0.7083333333333334 0.6765625 0.7111111111111111
1 0.48984375 0.5263888888888889 0.49765625 0.5333333333333333 0.503125 0.5430555555555555 0.50703125 0.5569444444444445 0.50703125 0.5652777777777778 0.50234375 0.5916666666666667 0.49453125 0.6027777777777777 0.4875 0.6069444444444444 0.48046875 0.6069444444444444 0.4703125 0.6 0.4625 0.5819444444444445 0.459375 0.5597222222222222 0.4625 0.5444444444444444 0.46953125 0.5319444444444444 0.4796875 0.525 0.4890625 0.5263888888888889
1 0.61171875 0.42083333333333334 0.62265625 0.4361111111111111 0.62578125 0.4486111111111111 0.62578125 0.46805555555555556 0.61875 0.49027777777777776 0.6046875 0.5013888888888889 0.59375 0.4986111111111111 0.5828125 0.48333333333333334 0.5796875 0.4708333333333333 0.5796875 0.4527777777777778 0.5828125 0.4375 0.59140625 0.4236111111111111 0.5984375 0.41944444444444445 0.6109375 0.42083333333333334