0 0.5515625 0.2111111111111111 0.5609375 0.2152777777777778 0.5671875 0.22361111111111112 0.57109375 0.23333333333333334 0.57265625 0.24722222222222223 0.571875 0.2611111111111111 0.56796875 0.275 0.56171875 0.2847222222222222 0.553125 0.2902777777777778 0.54453125 0.28888888888888886 0.53671875 0.28055555555555556 0.53203125 0.2722222222222222 0.528125 0.25416666666666665 0.52890625 0.2375 0.534375 0.22361111111111112 0.5421875 0.21388888888888888 0.55078125 0.2111111111111111
0 0.5578125 0.5972222222222222 0.56875 0.6138888888888889 0.5703125 0.6402777777777777 0.56796875 0.6527777777777778 0.5640625 0.6611111111111111 0.55703125 0.6680555555555555 0.54765625 0.6708333333333333 0.53984375 0.6680555555555555 0.53125 0.6583333333333333 0.5265625 0.6416666666666667 0.52578125 0.6277777777777778 0.52890625 0.6111111111111112 0.5359375 0.6 0.5421875 0.5944444444444444 0.55390625 0.5944444444444444 0.55703125 0.5972222222222222
0 0.5 0.40555555555555556 0.5046875 0.4097222222222222 0.5109375 0.4222222222222222 0.5125 0.42916666666666664 0.5125 0.45 0.509375 0.4638888888888889 0.50390625 0.4736111111111111 0.49296875 0.48055555555555557 0.48359375 0.4777777777777778 0.47265625 0.4638888888888889 0.46875 0.4444444444444444 0.46953125 0.42777777777777776 0.47265625 0.4166666666666667 0.48125 0.40555555555555556 0.4859375 0.4027777777777778 0.49921875 0.40555555555555556
0 0.61484375 0.5013888888888889 0.62265625 0.5083333333333333 0.62734375 0.5166666666666667 0.63046875 0.5291666666666667 0.63046875 0.5472222222222223 0.6265625 0.5611111111111111 0.621875 0.5694444444444444 0.61328125 0.5763888888888888 0.6046875 0.5763888888888888 0.5953125 0.5708333333333333 0.5875 0.5555555555555556 0.5859375 0.5291666666666667 0.58984375 0.5152777777777777 0.59765625 0.5041666666666667 0.6046875 0.5 0.6140625 0.5013888888888889
0 0.60703125 0.6916666666666667 0.6203125 0.6986111111111111 0.6265625 0.7111111111111111 0.62890625 0.7222222222222222 0.62890625 0.7375 0.6265625 0.75 0.61953125 0.7625 0.61171875 0.7680555555555556 0.59609375 0.7652777777777777 0.58828125 0.7513888888888889 0.584375 0.7277777777777777 0.58671875 0.7111111111111111 0.590625 0.7027777777777777 0.59765625 0.6944444444444444 0.60625 0.6916666666666667
0 0.49765625 0.5944444444444444 0.5046875 0.6013888888888889 0.51015625 0.6125 0.51171875 0.6194444444444445 0.51171875 0.6416666666666667 0.509375 0.6513888888888889 0.50390625 0.6611111111111111 0.4953125 0.6680555555555555 0.484375 0.6680555555555555 0.4734375 0.6583333333333333 0.46796875 0.6402777777777777 0.4671875 0.6222222222222222 0.4703125 0.6097222222222223 0.4765625 0.5986111111111111 0.484375 0.5930555555555556 0.496875 0.5944444444444444
0 0.50078125 0.6930555555555555 0.50859375 0.7055555555555556 0.51171875 0.7180555555555556 0.51171875 0.7305555555555555 0.50859375 0.7458333333333333 0.5046875 0.7541666666666667 0.49140625 0.7638888888888888 0.48203125 0.7625 0.471875 0.7513888888888889 0.4671875 0.7319444444444444 0.4671875 0.7152777777777778 0.47109375 0.7013888888888888 0.478125 0.6916666666666667 0.49453125 0.6888888888888889 0.5 0.6930555555555555
1 0.5546875 0.30833333333333335 0.5625 0.3138888888888889 0.56875 0.3236111111111111 0.57265625 0.3472222222222222 0.56796875 0.37083333333333335 0.56328125 0.37916666666666665 0.55546875 0.3861111111111111 0.54140625 0.38333333333333336 0.5328125 0.37083333333333335 0.528125 0.3541666666666667 0.528125 0.3347222222222222 0.53203125 0.32222222222222224 0.54296875 0.30972222222222223 0.55390625 0.30833333333333335
1 0.55234375 0.4986111111111111 0.56328125 0.5069444444444444 0.56875 0.5180555555555556 0.57109375 0.5305555555555556 0.57109375 0.5458333333333333 0.56796875 0.5597222222222222 0.56015625 0.5722222222222222 0.55390625 0.5763888888888888 0.54453125 0.5763888888888888 0.5328125 0.5638888888888889 0.52734375 0.5458333333333333 0.5265625 0.5333333333333333 0.5296875 0.5152777777777777 0.534375 0.5069444444444444 0.54453125 0.4986111111111111 0.5515625 0.4986111111111111
1 0.54765625 0.6888888888888889 0.56171875 0.6972222222222222 0.56640625 0.7055555555555556 0.56953125 0.7180555555555556 0.56953125 0.7375 0.5671875 0.7486111111111111 0.56015625 0.7611111111111111 0.5515625 0.7666666666666667 0.54453125 0.7666666666666667 0.5375 0.7625 0.52890625 0.7486111111111111 0.52578125 0.7361111111111112 0.52578125 0.7194444444444444 0.52890625 0.7055555555555556 0.5359375 0.6944444444444444 0.546875 0.6888888888888889
1 0.55 0.4027777777777778 0.5609375 0.4083333333333333 0.57109375 0.42777777777777776 0.571875 0.45 0.5671875 0.4666666666666667 0.56015625 0.4777777777777778 0.5484375 0.48194444444444445 0.5390625 0.47638888888888886 0.52890625 0.4583333333333333 0.52734375 0.44166666666666665 0.53046875 0.41944444444444445 0.53984375 0.40694444444444444 0.54921875 0.4041666666666667
1 0.4921875 0.49722222222222223 0.50625 0.5083333333333333 0.5125 0.5305555555555556 0.51171875 0.5486111111111112 0.509375 0.5583333333333333 0.5015625 0.5708333333333333 0.49453125 0.575 0.48671875 0.575 0.47734375 0.5666666666666667 0.471875 0.5569444444444445 0.46875 0.5430555555555555 0.46875 0.5263888888888889 0.471875 0.5138888888888888 0.48203125 0.5 0.49140625 0.49722222222222223
1 0.609375 0.5958333333333333 0.621875 0.6041666666666666 0.6265625 0.6125 0.6296875 0.625 0.6296875 0.6458333333333334 0.62734375 0.6541666666666667 0.62109375 0.6666666666666666 0.6140625 0.6722222222222223 0.60390625 0.6722222222222223 0.59609375 0.6666666666666666 0.58828125 0.6527777777777778 0.58515625 0.6361111111111111 0.58671875 0.6166666666666667 0.59296875 0.6041666666666666 0.6 0.5972222222222222 0.60859375 0.5958333333333333