0 0.64296875 0.6611111111111111 0.65078125 0.6680555555555555 0.65546875 0.6777777777777778 0.6578125 0.6888888888888889 0.6578125 0.7069444444444445 0.65390625 0.7194444444444444 0.64609375 0.7333333333333333 0.63984375 0.7375 0.62578125 0.7375 0.61875 0.7305555555555555 0.61171875 0.7152777777777778 0.61015625 0.6958333333333333 0.6125 0.6805555555555556 0.621875 0.6652777777777777 0.6296875 0.6597222222222222 0.6421875 0.6611111111111111
0 0.509375 0.7541666666666667 0.521875 0.7625 0.52734375 0.7722222222222223 0.52890625 0.7791666666666667 0.52890625 0.8027777777777778 0.5265625 0.8138888888888889 0.52109375 0.8236111111111111 0.50859375 0.8319444444444445 0.5015625 0.8319444444444445 0.48984375 0.8208333333333333 0.484375 0.8083333333333333 0.4828125 0.7986111111111112 0.48359375 0.7791666666666667 0.48984375 0.7638888888888888 0.496875 0.7569444444444444 0.50859375 0.7541666666666667
0 0.51171875 0.3458333333333333 0.52421875 0.35555555555555557 0.52890625 0.3638888888888889 0.53359375 0.38472222222222224 0.53359375 0.39861111111111114 0.5296875 0.4152777777777778 0.52421875 0.425 0.51171875 0.43333333333333335 0.5015625 0.43333333333333335 0.48984375 0.42083333333333334 0.48515625 0.4083333333333333 0.4828125 0.39166666666666666 0.48359375 0.37777777777777777 0.48984375 0.35833333333333334 0.4984375 0.3486111111111111 0.5109375 0.3458333333333333
0 0.578125 0.7583333333333333 0.5890625 0.7722222222222223 0.5921875 0.7833333333333333 0.59296875 0.7972222222222223 0.58828125 0.8166666666666667 0.58046875 0.8277777777777777 0.57421875 0.8319444444444445 0.5609375 0.8305555555555556 0.55078125 0.8208333333333333 0.54609375 0.8083333333333333 0.5453125 0.7861111111111111 0.54921875 0.7708333333333334 0.55625 0.7611111111111111 0.5671875 0.7555555555555555 0.57734375 0.7583333333333333
0 0.44296875 0.34444444444444444 0.45703125 0.3541666666666667 0.4640625 0.3680555555555556 0.4671875 0.3819444444444444 0.4671875 0.3958333333333333 0.46484375 0.4097222222222222 0.45625 0.4263888888888889 0.4484375 0.43194444444444446 0.4375 0.43194444444444446 0.42734375 0.425 0.4203125 0.4111111111111111 0.4171875 0.39861111111111114 0.4171875 0.37777777777777777 0.4234375 0.35694444444444445 0.43203125 0.3472222222222222 0.4421875 0.34444444444444444
0 0.58203125 0.5611111111111111 0.58828125 0.5666666666666667 0.59453125 0.5791666666666667 0.59609375 0.5861111111111111 0.59609375 0.6069444444444444 0.59296875 0.6208333333333333 0.5875 0.6305555555555555 0.57578125 0.6402777777777777 0.56796875 0.6402777777777777 0.55625 0.6319444444444444 0.5484375 0.6125 0.546875 0.5958333333333333 0.55 0.5777777777777777 0.55703125 0.5652777777777778 0.56640625 0.5583333333333333 0.58125 0.5611111111111111
0 0.38984375 0.5597222222222222 0.396875 0.5680555555555555 0.4015625 0.5805555555555556 0.403125 0.5902777777777778 0.40234375 0.6083333333333333 0.4 0.6180555555555556 0.39296875 0.6291666666666667 0.37734375 0.6361111111111111 0.365625 0.6291666666666667 0.3578125 0.6166666666666667 0.35390625 0.5986111111111111 0.3546875 0.5805555555555556 0.35703125 0.5722222222222222 0.36640625 0.5583333333333333 0.3796875 0.5541666666666667 0.3890625 0.5597222222222222
0 0.45 0.6569444444444444 0.4578125 0.6638888888888889 0.4640625 0.675 0.4671875 0.6847222222222222 0.46796875 0.7 0.465625 0.7125 0.459375 0.725 0.44765625 0.7347222222222223 0.4390625 0.7347222222222223 0.42890625 0.7263888888888889 0.42109375 0.7097222222222223 0.41953125 0.6888888888888889 0.4234375 0.6708333333333333 0.43046875 0.6611111111111111 0.43828125 0.6555555555555556 0.44921875 0.6569444444444444
0 0.38671875 0.7527777777777778 0.39375 0.7569444444444444 0.40078125 0.7666666666666667 0.4046875 0.7805555555555556 0.4046875 0.7986111111111112 0.39765625 0.8180555555555555 0.390625 0.825 0.38046875 0.8277777777777777 0.371875 0.8236111111111111 0.3609375 0.8069444444444445 0.35859375 0.7958333333333333 0.35859375 0.7791666666666667 0.36171875 0.7666666666666667 0.36796875 0.7569444444444444 0.3765625 0.7513888888888889 0.3859375 0.7527777777777778
0 0.328125 0.7541666666666667 0.33515625 0.7611111111111111 0.340625 0.7722222222222223 0.34296875 0.7847222222222222 0.34296875 0.7972222222222223 0.3375 0.8152777777777778 0.32578125 0.825 0.3171875 0.825 0.30390625 0.8152777777777778 0.29765625 0.7958333333333333 0.296875 0.7763888888888889 0.29921875 0.7652777777777777 0.30859375 0.7527777777777778 0.32421875 0.7513888888888889 0.32734375 0.7541666666666667
0 0.37890625 0.34444444444444444 0.3875 0.35 0.39765625 0.36666666666666664 0.40078125 0.38472222222222224 0.4 0.4013888888888889 0.396875 0.41388888888888886 0.3875 0.42777777777777776 0.38125 0.43194444444444446 0.371875 0.43194444444444446 0.3609375 0.4236111111111111 0.3546875 0.4125 0.35 0.39166666666666666 0.3515625 0.36944444444444446 0.3578125 0.3541666666666667 0.36640625 0.3458333333333333 0.378125 0.34444444444444444
0 0.63359375 0.7569444444444444 0.64765625 0.7652777777777777 0.6546875 0.7833333333333333 0.6546875 0.8027777777777778 0.65078125 0.8166666666666667 0.64375 0.8277777777777777 0.63359375 0.8333333333333334 0.62265625 0.8319444444444445 0.6125 0.8208333333333333 0.60859375 0.8083333333333333 0.6078125 0.7930555555555555 0.61015625 0.7791666666666667 0.61640625 0.7666666666666667 0.62109375 0.7611111111111111 0.6328125 0.7569444444444444
1 0.51171875 0.4527777777777778 0.5234375 0.46111111111111114 0.52734375 0.46805555555555556 0.53125 0.48055555555555557 0.5328125 0.5013888888888889 0.53046875 0.5138888888888888 0.52421875 0.5277777777777778 0.5109375 0.5375 0.5015625 0.5361111111111111 0.49375 0.5291666666666667 0.48515625 0.5152777777777777 0.4828125 0.5013888888888889 0.48359375 0.48194444444444445 0.48984375 0.4638888888888889 0.50234375 0.4527777777777778 0.5109375 0.4527777777777778
1 0.57578125 0.6583333333333333 0.5890625 0.6708333333333333 0.59375 0.6847222222222222 0.59453125 0.6986111111111111 0.59296875 0.7125 0.58984375 0.7208333333333333 0.584375 0.7305555555555555 0.575 0.7375 0.5671875 0.7375 0.55703125 0.7305555555555555 0.5515625 0.7222222222222222 0.546875 0.7083333333333334 0.546875 0.6916666666666667 0.55078125 0.675 0.55546875 0.6666666666666666 0.56328125 0.6597222222222222 0.575 0.6583333333333333
1 0.5109375 0.6569444444444444 0.5234375 0.6666666666666666 0.528125 0.6763888888888889 0.53046875 0.6888888888888889 0.5296875 0.7097222222222223 0.52578125 0.7222222222222222 0.5125 0.7347222222222223 0.50078125 0.7347222222222223 0.496875 0.7319444444444444 0.48671875 0.7166666666666667 0.48359375 0.7041666666666667 0.48359375 0.6861111111111111 0.4875 0.6708333333333333 0.49609375 0.6597222222222222 0.51015625 0.6569444444444444
1 0.3828125 0.6541666666666667 0.390625 0.6583333333333333 0.39765625 0.6666666666666666 0.40390625 0.6861111111111111 0.40390625 0.7027777777777777 0.39921875 0.7194444444444444 0.39375 0.7277777777777777 0.38359375 0.7333333333333333 0.3734375 0.7305555555555555 0.365625 0.7222222222222222 0.359375 0.7097222222222223 0.35703125 0.6972222222222222 0.3578125 0.6791666666666667 0.3625 0.6638888888888889 0.37109375 0.6555555555555556 0.38203125 0.6541666666666667
1 0.63671875 0.5583333333333333 0.65 0.5638888888888889 0.6578125 0.5777777777777777 0.6609375 0.5916666666666667 0.6609375 0.6013888888888889 0.65703125 0.6222222222222222 0.6484375 0.6361111111111111 0.64140625 0.6402777777777777 0.6265625 0.6375 0.615625 0.6222222222222222 0.61171875 0.6013888888888889 0.61328125 0.5847222222222223 0.621875 0.5666666666666667 0.63125 0.5597222222222222 0.6359375 0.5597222222222222
1 0.38359375 0.4527777777777778 0.390625 0.4583333333333333 0.39921875 0.4736111111111111 0.4015625 0.4861111111111111 0.4015625 0.5055555555555555 0.3984375 0.5180555555555556 0.39296875 0.5277777777777778 0.38046875 0.5361111111111111 0.365625 0.5291666666666667 0.3578125 0.5180555555555556 0.353125 0.5013888888888889 0.353125 0.48194444444444445 0.35625 0.4666666666666667 0.3609375 0.4583333333333333 0.3703125 0.4513888888888889 0.3828125 0.4527777777777778
1 0.44296875 0.4513888888888889 0.45703125 0.4597222222222222 0.4640625 0.4736111111111111 0.4671875 0.4888888888888889 0.4671875 0.5041666666666667 0.4640625 0.5180555555555556 0.45625 0.5305555555555556 0.44921875 0.5361111111111111 0.4390625 0.5361111111111111 0.42890625 0.5291666666666667 0.421875 0.5166666666666667 0.41796875 0.4986111111111111 0.41796875 0.48333333333333334 0.42265625 0.4652777777777778 0.43203125 0.45416666666666666 0.4421875 0.4513888888888889
1 0.45625 0.5625 0.46171875 0.5708333333333333 0.46640625 0.5847222222222223 0.4671875 0.6055555555555555 0.4640625 0.6194444444444445 0.459375 0.6277777777777778 0.4484375 0.6375 0.4328125 0.6333333333333333 0.421875 0.6166666666666667 0.41953125 0.6041666666666666 0.41953125 0.5819444444444445 0.42734375 0.5625 0.434375 0.5569444444444445 0.44921875 0.5569444444444445 0.45546875 0.5625
1 0.70078125 0.7597222222222222 0.7078125 0.7638888888888888 0.7140625 0.7736111111111111 0.7171875 0.7833333333333333 0.71796875 0.7944444444444444 0.715625 0.8111111111111111 0.71171875 0.8208333333333333 0.69765625 0.8347222222222223 0.6875 0.8333333333333334 0.67734375 0.825 0.67109375 0.8069444444444445 0.67109375 0.7930555555555555 0.67421875 0.7777777777777778 0.6828125 0.7638888888888888 0.68984375 0.7597222222222222 0.7 0.7597222222222222
1 0.51015625 0.5569444444444445 0.51875 0.5611111111111111 0.525 0.5680555555555555 0.53125 0.5888888888888889 0.53125 0.6083333333333333 0.52890625 0.6180555555555556 0.52265625 0.6305555555555555 0.5140625 0.6375 0.5015625 0.6375 0.49765625 0.6347222222222222 0.4875 0.6208333333333333 0.48359375 0.6055555555555555 0.48359375 0.5847222222222223 0.4875 0.5708333333333333 0.49609375 0.5597222222222222 0.509375 0.5569444444444445
1 0.44453125 0.7527777777777778 0.45859375 0.7611111111111111 0.4671875 0.7819444444444444 0.4671875 0.8013888888888889 0.46484375 0.8111111111111111 0.45859375 0.8222222222222222 0.45 0.8291666666666667 0.440625 0.8291666666666667 0.43046875 0.8222222222222222 0.42421875 0.8111111111111111 0.42109375 0.7972222222222223 0.42109375 0.7805555555555556 0.4234375 0.7694444444444445 0.43125 0.7569444444444444 0.44375 0.7527777777777778
1 0.578125 0.45416666666666666 0.58984375 0.4638888888888889 0.59609375 0.47638888888888886 0.59765625 0.5041666666666667 0.5953125 0.5166666666666667 0.5890625 0.5291666666666667 0.58203125 0.5361111111111111 0.57421875 0.5388888888888889 0.56171875 0.5333333333333333 0.55234375 0.5194444444444445 0.54921875 0.5055555555555555 0.54921875 0.4861111111111111 0.55234375 0.4722222222222222 0.56015625 0.4597222222222222 0.56875 0.45416666666666666 0.57734375 0.45416666666666666